query/day/nexus4/IMG_20140520_182846.jpg SIMPLE_RADIAL 1600 1200 1469.2 800 600 -0.0353019
query/day/nexus4/IMG_20140520_211432.jpg SIMPLE_RADIAL 1600 1200 1469.2 800 600 -0.0353019
query/day/nexus4/IMG_20140521_135037.jpg SIMPLE_RADIAL 1600 1200 1469.2 800 600 -0.0353019
query/day/nexus4/IMG_20140521_135047.jpg SIMPLE_RADIAL 1600 1200 1469.2 800 600 -0.0353019
query/day/nexus4/IMG_20140521_134943.jpg SIMPLE_RADIAL 1600 1200 1469.2 800 600 -0.0353019
query/day/nexus4/IMG_20140521_135321.jpg SIMPLE_RADIAL 1600 1200 1469.2 800 600 -0.0353019
query/day/nexus4/IMG_20140521_135225.jpg SIMPLE_RADIAL 1600 1200 1469.2 800 600 -0.0353019
query/day/nexus4/IMG_20140520_211801.jpg SIMPLE_RADIAL 1600 1200 1469.2 800 600 -0.0353019
query/day/milestone/2011-12-17_14-28-15_257.jpg SIMPLE_RADIAL 1024 768 977.494 512 384 0.0476376
query/day/nexus4/IMG_20140520_182958.jpg SIMPLE_RADIAL 1600 1200 1469.2 800 600 -0.0353019
query/day/nexus4/IMG_20140521_135040.jpg SIMPLE_RADIAL 1600 1200 1469.2 800 600 -0.0353019
query/day/nexus4/IMG_20140521_134826.jpg SIMPLE_RADIAL 1600 1200 1469.2 800 600 -0.0353019
query/day/nexus4/IMG_20140520_183007.jpg SIMPLE_RADIAL 1600 1200 1469.2 800 600 -0.0353019
query/day/nexus4/IMG_20140520_182943.jpg SIMPLE_RADIAL 1600 1200 1469.2 800 600 -0.0353019
query/day/nexus4/IMG_20140520_211910.jpg SIMPLE_RADIAL 1600 1200 1469.2 800 600 -0.0353019
query/day/nexus4/IMG_20140521_135650.jpg SIMPLE_RADIAL 1600 1200 1469.2 800 600 -0.0353019
query/day/milestone/2011-10-13_15-24-05_816.jpg SIMPLE_RADIAL 1024 768 977.494 512 384 0.0476376
query/day/milestone/2011-12-17_14-29-11_706.jpg SIMPLE_RADIAL 1024 768 977.494 512 384 0.0476376
query/day/nexus4/IMG_20140521_134821.jpg SIMPLE_RADIAL 1600 1200 1469.2 800 600 -0.0353019
query/day/nexus4/IMG_20140520_211723.jpg SIMPLE_RADIAL 1600 1200 1469.2 800 600 -0.0353019
query/day/milestone/2011-12-17_15-01-35_152.jpg SIMPLE_RADIAL 1024 768 977.494 512 384 0.0476376
query/day/nexus4/IMG_20140520_182904.jpg SIMPLE_RADIAL 1600 1200 1469.2 800 600 -0.0353019
query/day/nexus4/IMG_20140520_182849.jpg SIMPLE_RADIAL 1600 1200 1469.2 800 600 -0.0353019
query/day/nexus4/IMG_20140521_134925.jpg SIMPLE_RADIAL 1600 1200 1469.2 800 600 -0.0353019
query/day/milestone/2011-12-17_14-50-43_241.jpg SIMPLE_RADIAL 768 1024 971.838 384 512 -0.00177789
query/day/nexus4/IMG_20140521_134908.jpg SIMPLE_RADIAL 1600 1200 1469.2 800 600 -0.0353019
query/day/nexus4/IMG_20140521_135013.jpg SIMPLE_RADIAL 1200 1600 1458.14 600 800 -0.0302454
query/day/milestone/2011-12-29_15-31-46_760.jpg SIMPLE_RADIAL 1024 768 977.494 512 384 0.0476376
query/day/nexus4/IMG_20130302_145312.jpg SIMPLE_RADIAL 1600 1200 1469.2 800 600 -0.0353019
query/day/nexus4/IMG_20140520_183040.jpg SIMPLE_RADIAL 1200 1600 1458.14 600 800 -0.0302454
query/day/milestone/2011-12-17_14-53-09_639.jpg SIMPLE_RADIAL 1024 768 977.494 512 384 0.0476376
query/day/milestone/2011-12-17_14-53-55_436.jpg SIMPLE_RADIAL 1024 768 977.494 512 384 0.0476376
query/day/nexus4/IMG_20140521_134950.jpg SIMPLE_RADIAL 1600 1200 1469.2 800 600 -0.0353019
query/day/milestone/2011-12-17_14-50-59_577.jpg SIMPLE_RADIAL 1024 768 977.494 512 384 0.0476376
query/day/milestone/2011-10-13_15-26-30_438.jpg SIMPLE_RADIAL 1024 768 977.494 512 384 0.0476376
query/day/nexus4/IMG_20140520_182925.jpg SIMPLE_RADIAL 1600 1200 1469.2 800 600 -0.0353019
query/day/milestone/2011-12-17_15-02-30_957.jpg SIMPLE_RADIAL 768 1024 971.838 384 512 -0.00177789
query/day/milestone/2011-12-17_14-55-12_175.jpg SIMPLE_RADIAL 768 1024 971.838 384 512 -0.00177789
query/day/milestone/2012-02-11_15-54-04_6.jpg SIMPLE_RADIAL 768 1024 971.838 384 512 -0.00177789
query/day/milestone/2011-10-13_15-28-19_661.jpg SIMPLE_RADIAL 1024 768 977.494 512 384 0.0476376
query/day/nexus4/IMG_20130210_165919.jpg SIMPLE_RADIAL 1600 1200 1469.2 800 600 -0.0353019
query/day/nexus4/IMG_20140521_134324.jpg SIMPLE_RADIAL 1600 1200 1469.2 800 600 -0.0353019
query/day/milestone/2012-02-11_15-05-20_118.jpg SIMPLE_RADIAL 1024 768 977.494 512 384 0.0476376
query/day/milestone/2011-10-13_15-26-38_609.jpg SIMPLE_RADIAL 1024 768 977.494 512 384 0.0476376
query/day/nexus4/IMG_20140520_211951.jpg SIMPLE_RADIAL 1200 1600 1458.14 600 800 -0.0302454
query/day/nexus4/IMG_20140520_183030.jpg SIMPLE_RADIAL 1600 1200 1469.2 800 600 -0.0353019
query/day/milestone/2011-10-01_14-36-23_370.jpg SIMPLE_RADIAL 1024 768 977.494 512 384 0.0476376
query/day/milestone/2011-10-13_15-24-55_789.jpg SIMPLE_RADIAL 1024 768 977.494 512 384 0.0476376
query/day/milestone/2012-02-11_16-05-30_275.jpg SIMPLE_RADIAL 1024 768 977.494 512 384 0.0476376
query/day/nexus4/IMG_20140520_183033.jpg SIMPLE_RADIAL 1600 1200 1469.2 800 600 -0.0353019
query/day/milestone/2011-12-17_15-02-21_722.jpg SIMPLE_RADIAL 1024 768 977.494 512 384 0.0476376
query/day/nexus4/IMG_20140520_183130.jpg SIMPLE_RADIAL 1600 1200 1469.2 800 600 -0.0353019
query/day/nexus4/IMG_20130210_165751.jpg SIMPLE_RADIAL 1600 1200 1469.2 800 600 -0.0353019
query/day/nexus4/IMG_20140520_211943.jpg SIMPLE_RADIAL 1600 1200 1469.2 800 600 -0.0353019
query/day/nexus4/IMG_20140520_183020.jpg SIMPLE_RADIAL 1600 1200 1469.2 800 600 -0.0353019
query/day/nexus4/IMG_20130302_145337.jpg SIMPLE_RADIAL 1600 1200 1469.2 800 600 -0.0353019
query/day/milestone/2011-12-17_14-53-47_244.jpg SIMPLE_RADIAL 1024 768 977.494 512 384 0.0476376
query/day/milestone/2011-12-17_14-54-02_921.jpg SIMPLE_RADIAL 1024 768 977.494 512 384 0.0476376
query/day/nexus4/IMG_20140521_135837.jpg SIMPLE_RADIAL 1600 1200 1469.2 800 600 -0.0353019
query/day/nexus5x/IMG_20161227_160049.jpg SIMPLE_RADIAL 1600 1200 1199.91 800 600 -0.0324314
query/day/nexus5x/IMG_20161227_160059.jpg SIMPLE_RADIAL 1600 1200 1199.91 800 600 -0.0324314
query/day/nexus5x/IMG_20161227_160208.jpg SIMPLE_RADIAL 1600 1200 1199.91 800 600 -0.0324314
query/day/nexus5x/IMG_20161227_160401.jpg SIMPLE_RADIAL 1600 1200 1199.91 800 600 -0.0324314
query/day/nexus5x/IMG_20161227_160415.jpg SIMPLE_RADIAL 1600 1200 1199.91 800 600 -0.0324314
query/day/nexus5x/IMG_20161227_160457.jpg SIMPLE_RADIAL 1600 1200 1199.91 800 600 -0.0324314
query/day/nexus5x/IMG_20161227_160507.jpg SIMPLE_RADIAL 1600 1200 1199.91 800 600 -0.0324314
query/day/nexus4/IMG_20130210_165237.jpg SIMPLE_RADIAL 1600 1200 1469.2 800 600 -0.0353019
query/day/nexus4/IMG_20130210_165320.jpg SIMPLE_RADIAL 1600 1200 1469.2 800 600 -0.0353019
query/day/nexus4/IMG_20130210_165400.jpg SIMPLE_RADIAL 1600 1200 1469.2 800 600 -0.0353019
query/day/nexus4/IMG_20140521_133240.jpg SIMPLE_RADIAL 1600 1200 1469.2 800 600 -0.0353019
query/day/milestone/2012-02-18_13-08-53_664.jpg SIMPLE_RADIAL 768 1024 971.838 384 512 -0.00177789
query/day/nexus4/IMG_20140521_135713.jpg SIMPLE_RADIAL 1600 1200 1469.2 800 600 -0.0353019
query/day/nexus4/IMG_20130210_165902.jpg SIMPLE_RADIAL 1600 1200 1469.2 800 600 -0.0353019
query/day/nexus4/IMG_20130210_170019.jpg SIMPLE_RADIAL 1200 1600 1458.14 600 800 -0.0302454
query/day/nexus4/IMG_20140520_183116.jpg SIMPLE_RADIAL 1200 1600 1458.14 600 800 -0.0302454
query/day/nexus4/IMG_20140520_183109.jpg SIMPLE_RADIAL 1200 1600 1458.14 600 800 -0.0302454
query/day/nexus4/IMG_20140521_134750.jpg SIMPLE_RADIAL 1600 1200 1469.2 800 600 -0.0353019
query/day/nexus4/IMG_20140521_134922.jpg SIMPLE_RADIAL 1600 1200 1469.2 800 600 -0.0353019
query/day/nexus4/IMG_20130210_164118.jpg SIMPLE_RADIAL 1600 1200 1469.2 800 600 -0.0353019
query/day/nexus4/IMG_20140521_134126.jpg SIMPLE_RADIAL 1600 1200 1469.2 800 600 -0.0353019
query/day/nexus4/IMG_20130210_165428.jpg SIMPLE_RADIAL 1200 1600 1458.14 600 800 -0.0302454
query/day/milestone/2012-01-28_14-40-22_205.jpg SIMPLE_RADIAL 1024 768 977.494 512 384 0.0476376
query/day/nexus4/IMG_20130210_164129.jpg SIMPLE_RADIAL 1200 1600 1458.14 600 800 -0.0302454
query/day/nexus4/IMG_20140521_135601.jpg SIMPLE_RADIAL 1600 1200 1469.2 800 600 -0.0353019
query/day/nexus4/IMG_20130210_164053.jpg SIMPLE_RADIAL 1600 1200 1469.2 800 600 -0.0353019
query/day/nexus4/IMG_20130210_165216.jpg SIMPLE_RADIAL 1600 1200 1469.2 800 600 -0.0353019
query/day/nexus4/IMG_20140520_211426.jpg SIMPLE_RADIAL 1600 1200 1469.2 800 600 -0.0353019
query/day/nexus4/IMG_20140520_182639.jpg SIMPLE_RADIAL 1600 1200 1469.2 800 600 -0.0353019
query/day/nexus4/IMG_20130210_165246.jpg SIMPLE_RADIAL 1600 1200 1469.2 800 600 -0.0353019
query/day/nexus4/IMG_20130210_165314.jpg SIMPLE_RADIAL 1200 1600 1458.14 600 800 -0.0302454
query/day/nexus4/IMG_20130210_165344.jpg SIMPLE_RADIAL 1200 1600 1458.14 600 800 -0.0302454
query/day/nexus4/IMG_20130210_165420.jpg SIMPLE_RADIAL 1600 1200 1469.2 800 600 -0.0353019
query/day/nexus4/IMG_20130210_165444.jpg SIMPLE_RADIAL 1600 1200 1469.2 800 600 -0.0353019
query/day/nexus4/IMG_20130210_165507.jpg SIMPLE_RADIAL 1600 1200 1469.2 800 600 -0.0353019
query/day/nexus4/IMG_20130302_145414.jpg SIMPLE_RADIAL 1200 1600 1458.14 600 800 -0.0302454
query/day/nexus4/IMG_20130210_164001.jpg SIMPLE_RADIAL 1600 1200 1469.2 800 600 -0.0353019
query/day/nexus4/IMG_20130210_165836.jpg SIMPLE_RADIAL 1200 1600 1458.14 600 800 -0.0302454
query/day/nexus4/IMG_20130210_164036.jpg SIMPLE_RADIAL 1200 1600 1458.14 600 800 -0.0302454
query/day/nexus4/IMG_20140521_135520.jpg SIMPLE_RADIAL 1600 1200 1469.2 800 600 -0.0353019
query/day/nexus4/IMG_20130210_164048.jpg SIMPLE_RADIAL 1600 1200 1469.2 800 600 -0.0353019
query/day/nexus4/IMG_20130210_164100.jpg SIMPLE_RADIAL 1600 1200 1469.2 800 600 -0.0353019
query/day/nexus4/IMG_20130210_164110.jpg SIMPLE_RADIAL 1600 1200 1469.2 800 600 -0.0353019
query/day/milestone/2011-12-17_14-53-36_335.jpg SIMPLE_RADIAL 1024 768 977.494 512 384 0.0476376
query/day/nexus4/IMG_20130210_164155.jpg SIMPLE_RADIAL 1600 1200 1469.2 800 600 -0.0353019
query/day/nexus4/IMG_20140521_135611.jpg SIMPLE_RADIAL 1600 1200 1469.2 800 600 -0.0353019
query/day/milestone/2012-02-11_16-06-24_189.jpg SIMPLE_RADIAL 1024 768 977.494 512 384 0.0476376
query/day/nexus4/IMG_20130210_163939.jpg SIMPLE_RADIAL 1600 1200 1469.2 800 600 -0.0353019
query/day/nexus4/IMG_20140520_211815.jpg SIMPLE_RADIAL 1600 1200 1469.2 800 600 -0.0353019
query/day/milestone/2012-02-11_15-56-27_505.jpg SIMPLE_RADIAL 1024 768 977.494 512 384 0.0476376
query/day/milestone/2012-01-01_10-59-45_309.jpg SIMPLE_RADIAL 1024 768 977.494 512 384 0.0476376
query/day/nexus4/IMG_20130210_163933.jpg SIMPLE_RADIAL 1200 1600 1458.14 600 800 -0.0302454
query/day/nexus4/IMG_20130210_163921.jpg SIMPLE_RADIAL 1600 1200 1469.2 800 600 -0.0353019
query/day/nexus4/IMG_20130210_164016.jpg SIMPLE_RADIAL 1600 1200 1469.2 800 600 -0.0353019
query/day/nexus4/IMG_20130210_163913.jpg SIMPLE_RADIAL 1200 1600 1458.14 600 800 -0.0302454
query/day/nexus4/IMG_20130210_163904.jpg SIMPLE_RADIAL 1600 1200 1469.2 800 600 -0.0353019
query/day/milestone/2011-12-30_15-18-52_399.jpg SIMPLE_RADIAL 1024 768 977.494 512 384 0.0476376
query/day/nexus4/IMG_20130210_163855.jpg SIMPLE_RADIAL 1600 1200 1469.2 800 600 -0.0353019
query/day/nexus4/IMG_20130210_163846.jpg SIMPLE_RADIAL 1600 1200 1469.2 800 600 -0.0353019
query/day/nexus4/IMG_20130210_163818.jpg SIMPLE_RADIAL 1200 1600 1458.14 600 800 -0.0302454
query/day/milestone/2012-02-11_15-53-21_857.jpg SIMPLE_RADIAL 1024 768 977.494 512 384 0.0476376
query/day/nexus4/IMG_20130210_163801.jpg SIMPLE_RADIAL 1600 1200 1469.2 800 600 -0.0353019
query/day/milestone/2012-02-11_15-53-01_240.jpg SIMPLE_RADIAL 768 1024 971.838 384 512 -0.00177789
query/day/nexus4/IMG_20140521_135412.jpg SIMPLE_RADIAL 1600 1200 1469.2 800 600 -0.0353019
query/day/milestone/2012-01-15_12-41-51_416.jpg SIMPLE_RADIAL 1024 768 977.494 512 384 0.0476376
query/day/nexus4/IMG_20140521_134219.jpg SIMPLE_RADIAL 1600 1200 1469.2 800 600 -0.0353019
query/day/nexus4/IMG_20140521_134146.jpg SIMPLE_RADIAL 1200 1600 1458.14 600 800 -0.0302454
query/day/nexus5x/IMG_20161227_162934.jpg SIMPLE_RADIAL 1200 1600 1195.8 600 800 0.0142778
query/day/nexus5x/IMG_20161227_160409.jpg SIMPLE_RADIAL 1600 1200 1199.91 800 600 -0.0324314
query/day/nexus4/IMG_20130210_165452.jpg SIMPLE_RADIAL 1600 1200 1469.2 800 600 -0.0353019
query/day/nexus4/IMG_20130210_165302.jpg SIMPLE_RADIAL 1200 1600 1458.14 600 800 -0.0302454
query/day/nexus4/IMG_20130210_163951.jpg SIMPLE_RADIAL 1600 1200 1469.2 800 600 -0.0353019
query/day/nexus4/IMG_20140521_134023.jpg SIMPLE_RADIAL 1200 1600 1458.14 600 800 -0.0302454
query/day/nexus5x/IMG_20161227_163204.jpg SIMPLE_RADIAL 1200 1600 1195.8 600 800 0.0142778
query/day/nexus5x/IMG_20161227_162953.jpg SIMPLE_RADIAL 1600 1200 1199.91 800 600 -0.0324314
query/day/nexus4/IMG_20140521_134151.jpg SIMPLE_RADIAL 1600 1200 1469.2 800 600 -0.0353019
query/day/nexus4/IMG_20130210_164206.jpg SIMPLE_RADIAL 1600 1200 1469.2 800 600 -0.0353019
query/day/nexus4/IMG_20130210_164238.jpg SIMPLE_RADIAL 1600 1200 1469.2 800 600 -0.0353019
query/day/nexus4/IMG_20140521_134202.jpg SIMPLE_RADIAL 1600 1200 1469.2 800 600 -0.0353019
query/day/nexus4/IMG_20130210_164244.jpg SIMPLE_RADIAL 1200 1600 1458.14 600 800 -0.0302454
query/day/nexus4/IMG_20140521_134209.jpg SIMPLE_RADIAL 1600 1200 1469.2 800 600 -0.0353019
query/day/nexus4/IMG_20140521_134213.jpg SIMPLE_RADIAL 1600 1200 1469.2 800 600 -0.0353019
query/day/nexus4/IMG_20130210_164256.jpg SIMPLE_RADIAL 1600 1200 1469.2 800 600 -0.0353019
query/day/nexus4/IMG_20130210_164322.jpg SIMPLE_RADIAL 1200 1600 1458.14 600 800 -0.0302454
query/day/nexus4/IMG_20130210_164349.jpg SIMPLE_RADIAL 1600 1200 1469.2 800 600 -0.0353019
query/day/nexus4/IMG_20130210_164404.jpg SIMPLE_RADIAL 1600 1200 1469.2 800 600 -0.0353019
query/day/nexus4/IMG_20140521_134236.jpg SIMPLE_RADIAL 1600 1200 1469.2 800 600 -0.0353019
query/day/nexus4/IMG_20140521_134245.jpg SIMPLE_RADIAL 1600 1200 1469.2 800 600 -0.0353019
query/day/nexus4/IMG_20130210_164452.jpg SIMPLE_RADIAL 1600 1200 1469.2 800 600 -0.0353019
query/day/nexus4/IMG_20130210_164500.jpg SIMPLE_RADIAL 1600 1200 1469.2 800 600 -0.0353019
query/day/nexus4/IMG_20130210_164513.jpg SIMPLE_RADIAL 1200 1600 1458.14 600 800 -0.0302454
query/day/nexus4/IMG_20130210_164534.jpg SIMPLE_RADIAL 1200 1600 1458.14 600 800 -0.0302454
query/day/nexus4/IMG_20130210_164543.jpg SIMPLE_RADIAL 1600 1200 1469.2 800 600 -0.0353019
query/day/nexus4/IMG_20130210_164550.jpg SIMPLE_RADIAL 1200 1600 1458.14 600 800 -0.0302454
query/day/nexus4/IMG_20140521_134335.jpg SIMPLE_RADIAL 1600 1200 1469.2 800 600 -0.0353019
query/day/nexus4/IMG_20130210_164557.jpg SIMPLE_RADIAL 1600 1200 1469.2 800 600 -0.0353019
query/day/nexus4/IMG_20140521_134340.jpg SIMPLE_RADIAL 1600 1200 1469.2 800 600 -0.0353019
query/day/nexus4/IMG_20130210_164602.jpg SIMPLE_RADIAL 1600 1200 1469.2 800 600 -0.0353019
query/day/milestone/2011-12-29_15-09-58_213.jpg SIMPLE_RADIAL 1024 768 977.494 512 384 0.0476376
query/day/nexus4/IMG_20140521_134347.jpg SIMPLE_RADIAL 1200 1600 1458.14 600 800 -0.0302454
query/day/nexus4/IMG_20130210_164625.jpg SIMPLE_RADIAL 1600 1200 1469.2 800 600 -0.0353019
query/day/nexus4/IMG_20130210_164632.jpg SIMPLE_RADIAL 1600 1200 1469.2 800 600 -0.0353019
query/day/nexus4/IMG_20140521_134405.jpg SIMPLE_RADIAL 1600 1200 1469.2 800 600 -0.0353019
query/day/nexus4/IMG_20130210_164641.jpg SIMPLE_RADIAL 1600 1200 1469.2 800 600 -0.0353019
query/day/nexus4/IMG_20140521_134412.jpg SIMPLE_RADIAL 1600 1200 1469.2 800 600 -0.0353019
query/day/nexus4/IMG_20130210_164650.jpg SIMPLE_RADIAL 1200 1600 1458.14 600 800 -0.0302454
query/day/nexus4/IMG_20140521_134420.jpg SIMPLE_RADIAL 1600 1200 1469.2 800 600 -0.0353019
query/day/nexus4/IMG_20130210_164659.jpg SIMPLE_RADIAL 1200 1600 1458.14 600 800 -0.0302454
query/day/nexus4/IMG_20140521_134428.jpg SIMPLE_RADIAL 1600 1200 1469.2 800 600 -0.0353019
query/day/nexus4/IMG_20130210_164708.jpg SIMPLE_RADIAL 1200 1600 1458.14 600 800 -0.0302454
query/day/nexus4/IMG_20130210_164718.jpg SIMPLE_RADIAL 1200 1600 1458.14 600 800 -0.0302454
query/day/nexus4/IMG_20130210_164736.jpg SIMPLE_RADIAL 1600 1200 1469.2 800 600 -0.0353019
query/day/nexus4/IMG_20140521_133452.jpg SIMPLE_RADIAL 1200 1600 1458.14 600 800 -0.0302454
query/day/nexus4/IMG_20130210_164742.jpg SIMPLE_RADIAL 1200 1600 1458.14 600 800 -0.0302454
query/day/nexus4/IMG_20140521_134504.jpg SIMPLE_RADIAL 1600 1200 1469.2 800 600 -0.0353019
query/day/nexus4/IMG_20140521_133418.jpg SIMPLE_RADIAL 1200 1600 1458.14 600 800 -0.0302454
query/day/nexus4/IMG_20140521_133846.jpg SIMPLE_RADIAL 1200 1600 1458.14 600 800 -0.0302454
query/day/nexus4/IMG_20140521_133410.jpg SIMPLE_RADIAL 1200 1600 1458.14 600 800 -0.0302454
query/day/nexus4/IMG_20140521_133406.jpg SIMPLE_RADIAL 1600 1200 1469.2 800 600 -0.0353019
query/day/nexus4/IMG_20140521_135857.jpg SIMPLE_RADIAL 1600 1200 1469.2 800 600 -0.0353019
query/day/nexus4/IMG_20140521_133404.jpg SIMPLE_RADIAL 1600 1200 1469.2 800 600 -0.0353019
query/day/milestone/2011-12-17_15-03-49_361.jpg SIMPLE_RADIAL 768 1024 971.838 384 512 -0.00177789
query/day/nexus4/IMG_20130302_150040.jpg SIMPLE_RADIAL 1600 1200 1469.2 800 600 -0.0353019
query/day/milestone/2012-01-28_15-18-06_979.jpg SIMPLE_RADIAL 1024 768 977.494 512 384 0.0476376
query/day/nexus4/IMG_20140521_133121.jpg SIMPLE_RADIAL 1600 1200 1469.2 800 600 -0.0353019
query/day/nexus4/IMG_20140521_133354.jpg SIMPLE_RADIAL 1600 1200 1469.2 800 600 -0.0353019
query/day/nexus4/IMG_20140521_133612.jpg SIMPLE_RADIAL 1600 1200 1469.2 800 600 -0.0353019
query/day/nexus4/IMG_20140521_133351.jpg SIMPLE_RADIAL 1600 1200 1469.2 800 600 -0.0353019
query/day/nexus4/IMG_20140521_133332.jpg SIMPLE_RADIAL 1600 1200 1469.2 800 600 -0.0353019
query/day/nexus4/IMG_20140521_133606.jpg SIMPLE_RADIAL 1600 1200 1469.2 800 600 -0.0353019
query/day/nexus5x/IMG_20161227_160503.jpg SIMPLE_RADIAL 1600 1200 1199.91 800 600 -0.0324314
query/day/nexus4/IMG_20140521_133336.jpg SIMPLE_RADIAL 1600 1200 1469.2 800 600 -0.0353019
query/day/nexus4/IMG_20140521_133024.jpg SIMPLE_RADIAL 1600 1200 1469.2 800 600 -0.0353019
query/day/nexus4/IMG_20140521_133320.jpg SIMPLE_RADIAL 1600 1200 1469.2 800 600 -0.0353019
query/day/nexus4/IMG_20140521_133230.jpg SIMPLE_RADIAL 1600 1200 1469.2 800 600 -0.0353019
query/day/nexus4/IMG_20140521_133014.jpg SIMPLE_RADIAL 1200 1600 1458.14 600 800 -0.0302454
query/day/nexus4/IMG_20130210_165503.jpg SIMPLE_RADIAL 1200 1600 1458.14 600 800 -0.0302454
query/day/milestone/2012-01-28_14-41-13_0.jpg SIMPLE_RADIAL 768 1024 971.838 384 512 -0.00177789
query/day/nexus4/IMG_20140520_211952.jpg SIMPLE_RADIAL 1200 1600 1458.14 600 800 -0.0302454
query/day/nexus5x/IMG_20161227_160322.jpg SIMPLE_RADIAL 1600 1200 1199.91 800 600 -0.0324314
query/day/nexus4/IMG_20130210_164731.jpg SIMPLE_RADIAL 1600 1200 1469.2 800 600 -0.0353019
query/day/nexus4/IMG_20140521_134450.jpg SIMPLE_RADIAL 1200 1600 1458.14 600 800 -0.0302454
query/day/milestone/2011-12-29_15-30-24_502.jpg SIMPLE_RADIAL 1024 768 977.494 512 384 0.0476376
query/day/milestone/2012-01-28_14-41-04_244.jpg SIMPLE_RADIAL 768 1024 971.838 384 512 -0.00177789
query/day/milestone/2012-02-04_14-20-50_904.jpg SIMPLE_RADIAL 1024 768 977.494 512 384 0.0476376
query/day/milestone/2012-01-28_14-40-02_921.jpg SIMPLE_RADIAL 1024 768 977.494 512 384 0.0476376
query/day/nexus4/IMG_20140520_211912.jpg SIMPLE_RADIAL 1600 1200 1469.2 800 600 -0.0353019
query/day/nexus4/IMG_20140520_182738.jpg SIMPLE_RADIAL 1600 1200 1469.2 800 600 -0.0353019
query/day/nexus4/IMG_20130302_145531.jpg SIMPLE_RADIAL 1200 1600 1458.14 600 800 -0.0302454
query/day/nexus4/IMG_20140520_211729.jpg SIMPLE_RADIAL 1600 1200 1469.2 800 600 -0.0353019
query/day/milestone/2011-12-29_15-31-19_299.jpg SIMPLE_RADIAL 1024 768 977.494 512 384 0.0476376
query/day/milestone/2011-12-29_15-36-34_861.jpg SIMPLE_RADIAL 768 1024 971.838 384 512 -0.00177789
query/day/nexus5x/IMG_20161227_160721.jpg SIMPLE_RADIAL 1600 1200 1199.91 800 600 -0.0324314
query/day/nexus4/IMG_20140520_212003.jpg SIMPLE_RADIAL 1200 1600 1458.14 600 800 -0.0302454
query/day/milestone/2011-12-29_15-36-47_728.jpg SIMPLE_RADIAL 1024 768 977.494 512 384 0.0476376
query/day/nexus4/IMG_20140521_133252.jpg SIMPLE_RADIAL 1600 1200 1469.2 800 600 -0.0353019
query/day/milestone/2011-12-29_15-31-27_158.jpg SIMPLE_RADIAL 1024 768 977.494 512 384 0.0476376
query/day/nexus4/IMG_20140521_135354.jpg SIMPLE_RADIAL 1600 1200 1469.2 800 600 -0.0353019
query/day/milestone/2012-02-11_15-55-27_974.jpg SIMPLE_RADIAL 1024 768 977.494 512 384 0.0476376
query/day/milestone/2011-12-17_15-04-45_439.jpg SIMPLE_RADIAL 768 1024 971.838 384 512 -0.00177789
query/day/nexus4/IMG_20140520_212018.jpg SIMPLE_RADIAL 1200 1600 1458.14 600 800 -0.0302454
query/day/milestone/2011-12-29_15-38-28_183.jpg SIMPLE_RADIAL 768 1024 971.838 384 512 -0.00177789
query/day/milestone/2012-01-28_14-42-04_667.jpg SIMPLE_RADIAL 1024 768 977.494 512 384 0.0476376
query/day/milestone/2012-02-11_16-08-22_494.jpg SIMPLE_RADIAL 1024 768 977.494 512 384 0.0476376
query/day/nexus4/IMG_20140521_134514.jpg SIMPLE_RADIAL 1600 1200 1469.2 800 600 -0.0353019
query/day/milestone/2011-12-17_15-04-25_486.jpg SIMPLE_RADIAL 768 1024 971.838 384 512 -0.00177789
query/day/milestone/2011-12-29_15-09-40_939.jpg SIMPLE_RADIAL 1024 768 977.494 512 384 0.0476376
query/day/nexus4/IMG_20140520_182702.jpg SIMPLE_RADIAL 1600 1200 1469.2 800 600 -0.0353019
query/day/nexus4/IMG_20140520_182712.jpg SIMPLE_RADIAL 1200 1600 1458.14 600 800 -0.0302454
query/day/nexus4/IMG_20140521_133132.jpg SIMPLE_RADIAL 1600 1200 1469.2 800 600 -0.0353019
query/day/nexus4/IMG_20140520_182813.jpg SIMPLE_RADIAL 1600 1200 1469.2 800 600 -0.0353019
query/day/nexus5x/IMG_20161227_160446.jpg SIMPLE_RADIAL 1600 1200 1199.91 800 600 -0.0324314
query/day/nexus4/IMG_20140520_182915.jpg SIMPLE_RADIAL 1600 1200 1469.2 800 600 -0.0353019
query/day/nexus4/IMG_20130210_165818.jpg SIMPLE_RADIAL 1600 1200 1469.2 800 600 -0.0353019
query/day/nexus4/IMG_20130210_165913.jpg SIMPLE_RADIAL 1600 1200 1469.2 800 600 -0.0353019
query/day/nexus4/IMG_20140521_133311.jpg SIMPLE_RADIAL 1600 1200 1469.2 800 600 -0.0353019
query/day/milestone/2011-12-17_15-01-08_996.jpg SIMPLE_RADIAL 768 1024 971.838 384 512 -0.00177789
query/day/nexus4/IMG_20140520_211734.jpg SIMPLE_RADIAL 1600 1200 1469.2 800 600 -0.0353019
query/day/nexus4/IMG_20140521_135850.jpg SIMPLE_RADIAL 1600 1200 1469.2 800 600 -0.0353019
query/day/nexus4/IMG_20130302_145444.jpg SIMPLE_RADIAL 1600 1200 1469.2 800 600 -0.0353019
query/day/milestone/2012-01-15_12-34-19_472.jpg SIMPLE_RADIAL 768 1024 971.838 384 512 -0.00177789
query/day/nexus4/IMG_20140520_211827.jpg SIMPLE_RADIAL 1600 1200 1469.2 800 600 -0.0353019
query/day/milestone/2011-12-17_15-03-59_335.jpg SIMPLE_RADIAL 768 1024 971.838 384 512 -0.00177789
query/day/nexus4/IMG_20140520_211840.jpg SIMPLE_RADIAL 1200 1600 1458.14 600 800 -0.0302454
query/day/milestone/2011-12-29_15-31-05_955.jpg SIMPLE_RADIAL 1024 768 977.494 512 384 0.0476376
query/day/nexus4/IMG_20140521_134840.jpg SIMPLE_RADIAL 1600 1200 1469.2 800 600 -0.0353019
query/day/nexus4/IMG_20140520_212025.jpg SIMPLE_RADIAL 1200 1600 1458.14 600 800 -0.0302454
query/day/nexus5x/IMG_20161227_160532.jpg SIMPLE_RADIAL 1600 1200 1199.91 800 600 -0.0324314
query/day/milestone/2011-12-29_15-32-54_705.jpg SIMPLE_RADIAL 1024 768 977.494 512 384 0.0476376
query/day/nexus4/IMG_20130210_164902.jpg SIMPLE_RADIAL 1200 1600 1458.14 600 800 -0.0302454
query/day/milestone/2011-12-17_14-52-45_843.jpg SIMPLE_RADIAL 1024 768 977.494 512 384 0.0476376
query/day/milestone/2011-12-29_15-10-15_99.jpg SIMPLE_RADIAL 1024 768 977.494 512 384 0.0476376
query/day/nexus4/IMG_20140521_134601.jpg SIMPLE_RADIAL 1600 1200 1469.2 800 600 -0.0353019
query/day/nexus4/IMG_20140521_135310.jpg SIMPLE_RADIAL 1600 1200 1469.2 800 600 -0.0353019
query/day/nexus4/IMG_20130302_145424.jpg SIMPLE_RADIAL 1600 1200 1469.2 800 600 -0.0353019
query/day/milestone/2011-12-17_15-01-27_386.jpg SIMPLE_RADIAL 768 1024 971.838 384 512 -0.00177789
query/day/milestone/2011-12-17_15-02-09_761.jpg SIMPLE_RADIAL 1024 768 977.494 512 384 0.0476376
query/day/milestone/2011-12-29_15-32-40_658.jpg SIMPLE_RADIAL 1024 768 977.494 512 384 0.0476376
query/day/milestone/2011-12-17_15-05-47_728.jpg SIMPLE_RADIAL 1024 768 977.494 512 384 0.0476376
query/day/nexus4/IMG_20140521_133505.jpg SIMPLE_RADIAL 1200 1600 1458.14 600 800 -0.0302454
query/day/milestone/2011-12-17_15-03-03_393.jpg SIMPLE_RADIAL 768 1024 971.838 384 512 -0.00177789
query/day/nexus4/IMG_20130210_165854.jpg SIMPLE_RADIAL 1600 1200 1469.2 800 600 -0.0353019
query/day/nexus4/IMG_20140520_211742.jpg SIMPLE_RADIAL 1600 1200 1469.2 800 600 -0.0353019
query/day/milestone/2011-12-17_14-51-19_450.jpg SIMPLE_RADIAL 1024 768 977.494 512 384 0.0476376
query/day/nexus4/IMG_20140521_133125.jpg SIMPLE_RADIAL 1600 1200 1469.2 800 600 -0.0353019
query/day/milestone/2011-12-29_15-31-55_697.jpg SIMPLE_RADIAL 768 1024 971.838 384 512 -0.00177789
query/day/milestone/2011-12-29_15-10-25_282.jpg SIMPLE_RADIAL 1024 768 977.494 512 384 0.0476376
query/day/nexus4/IMG_20140521_095604.jpg SIMPLE_RADIAL 1600 1200 1469.2 800 600 -0.0353019
query/day/nexus4/IMG_20140520_211930.jpg SIMPLE_RADIAL 1600 1200 1469.2 800 600 -0.0353019
query/day/nexus4/IMG_20140521_133207.jpg SIMPLE_RADIAL 1200 1600 1458.14 600 800 -0.0302454
query/day/milestone/2011-12-29_15-10-33_314.jpg SIMPLE_RADIAL 768 1024 971.838 384 512 -0.00177789
query/day/nexus4/IMG_20140521_095645.jpg SIMPLE_RADIAL 1600 1200 1469.2 800 600 -0.0353019
query/day/nexus4/IMG_20140521_133039.jpg SIMPLE_RADIAL 1600 1200 1469.2 800 600 -0.0353019
query/day/nexus4/IMG_20140521_133102.jpg SIMPLE_RADIAL 1600 1200 1469.2 800 600 -0.0353019
query/day/milestone/2011-12-17_15-00-40_564.jpg SIMPLE_RADIAL 1024 768 977.494 512 384 0.0476376
query/day/nexus4/IMG_20140521_133028.jpg SIMPLE_RADIAL 1600 1200 1469.2 800 600 -0.0353019
query/day/nexus4/IMG_20140520_211823.jpg SIMPLE_RADIAL 1600 1200 1469.2 800 600 -0.0353019
query/day/nexus4/IMG_20130210_165611.jpg SIMPLE_RADIAL 1600 1200 1469.2 800 600 -0.0353019
query/day/milestone/2011-12-17_15-01-44_429.jpg SIMPLE_RADIAL 1024 768 977.494 512 384 0.0476376
query/day/milestone/2011-12-17_15-00-58_832.jpg SIMPLE_RADIAL 1024 768 977.494 512 384 0.0476376
query/day/milestone/2012-01-15_12-33-17_302.jpg SIMPLE_RADIAL 768 1024 971.838 384 512 -0.00177789
query/day/nexus4/IMG_20140521_133301.jpg SIMPLE_RADIAL 1600 1200 1469.2 800 600 -0.0353019
query/day/nexus4/IMG_20130302_145343.jpg SIMPLE_RADIAL 1600 1200 1469.2 800 600 -0.0353019
query/day/nexus4/IMG_20140521_133245.jpg SIMPLE_RADIAL 1600 1200 1469.2 800 600 -0.0353019
query/day/milestone/2011-12-17_14-53-20_749.jpg SIMPLE_RADIAL 768 1024 971.838 384 512 -0.00177789
query/day/nexus4/IMG_20140521_135722.jpg SIMPLE_RADIAL 1600 1200 1469.2 800 600 -0.0353019
query/day/nexus4/IMG_20130210_165200.jpg SIMPLE_RADIAL 1600 1200 1469.2 800 600 -0.0353019
query/day/nexus4/IMG_20140521_135704.jpg SIMPLE_RADIAL 1600 1200 1469.2 800 600 -0.0353019
query/day/milestone/2011-12-17_14-52-17_633.jpg SIMPLE_RADIAL 768 1024 971.838 384 512 -0.00177789
query/day/milestone/2011-12-17_14-52-06_93.jpg SIMPLE_RADIAL 1024 768 977.494 512 384 0.0476376
query/day/milestone/2011-12-17_14-51-41_274.jpg SIMPLE_RADIAL 1024 768 977.494 512 384 0.0476376
query/day/milestone/2011-12-17_14-51-31_186.jpg SIMPLE_RADIAL 768 1024 971.838 384 512 -0.00177789
query/day/nexus5x/IMG_20161227_160435.jpg SIMPLE_RADIAL 1600 1200 1199.91 800 600 -0.0324314
query/day/nexus4/IMG_20130210_165742.jpg SIMPLE_RADIAL 1600 1200 1469.2 800 600 -0.0353019
query/day/milestone/2011-12-17_14-50-31_710.jpg SIMPLE_RADIAL 1024 768 977.494 512 384 0.0476376
query/day/nexus4/IMG_20130210_165721.jpg SIMPLE_RADIAL 1600 1200 1469.2 800 600 -0.0353019
query/day/milestone/2011-12-17_14-29-19_237.jpg SIMPLE_RADIAL 1024 768 977.494 512 384 0.0476376
query/day/nexus4/IMG_20130210_165700.jpg SIMPLE_RADIAL 1600 1200 1469.2 800 600 -0.0353019
query/day/nexus4/IMG_20140521_133517.jpg SIMPLE_RADIAL 1600 1200 1469.2 800 600 -0.0353019
query/day/milestone/2011-12-29_15-32-31_892.jpg SIMPLE_RADIAL 1024 768 977.494 512 384 0.0476376
query/day/milestone/2011-10-01_14-02-41_437.jpg SIMPLE_RADIAL 1024 768 977.494 512 384 0.0476376
query/day/milestone/2011-12-29_15-32-14_611.jpg SIMPLE_RADIAL 1024 768 977.494 512 384 0.0476376
query/day/nexus4/IMG_20140521_133459.jpg SIMPLE_RADIAL 1600 1200 1469.2 800 600 -0.0353019
query/day/nexus4/IMG_20140521_095608.jpg SIMPLE_RADIAL 1600 1200 1469.2 800 600 -0.0353019
query/day/milestone/2011-10-01_14-02-20_999.jpg SIMPLE_RADIAL 1024 768 977.494 512 384 0.0476376
query/day/milestone/2011-12-29_15-31-37_791.jpg SIMPLE_RADIAL 1024 768 977.494 512 384 0.0476376
query/day/nexus4/IMG_20140521_135054.jpg SIMPLE_RADIAL 1600 1200 1469.2 800 600 -0.0353019
query/day/nexus4/IMG_20140521_135854.jpg SIMPLE_RADIAL 1600 1200 1469.2 800 600 -0.0353019
query/day/nexus4/IMG_20140520_211821.jpg SIMPLE_RADIAL 1600 1200 1469.2 800 600 -0.0353019
query/day/nexus4/IMG_20140521_135330.jpg SIMPLE_RADIAL 1600 1200 1469.2 800 600 -0.0353019
query/day/milestone/2011-12-30_15-18-43_648.jpg SIMPLE_RADIAL 1024 768 977.494 512 384 0.0476376
query/day/nexus4/IMG_20140521_133045.jpg SIMPLE_RADIAL 1600 1200 1469.2 800 600 -0.0353019
query/day/nexus4/IMG_20140521_133546.jpg SIMPLE_RADIAL 1200 1600 1458.14 600 800 -0.0302454
query/day/nexus4/IMG_20140521_133343.jpg SIMPLE_RADIAL 1200 1600 1458.14 600 800 -0.0302454
query/day/nexus5x/IMG_20161227_160317.jpg SIMPLE_RADIAL 1600 1200 1199.91 800 600 -0.0324314
query/day/nexus4/IMG_20140521_134523.jpg SIMPLE_RADIAL 1200 1600 1458.14 600 800 -0.0302454
query/day/nexus4/IMG_20140521_133521.jpg SIMPLE_RADIAL 1600 1200 1469.2 800 600 -0.0353019
query/day/nexus4/IMG_20140521_135342.jpg SIMPLE_RADIAL 1600 1200 1469.2 800 600 -0.0353019
query/day/milestone/2011-12-29_15-36-03_290.jpg SIMPLE_RADIAL 768 1024 971.838 384 512 -0.00177789
query/day/nexus4/IMG_20140521_135220.jpg SIMPLE_RADIAL 1600 1200 1469.2 800 600 -0.0353019
query/day/nexus5x/IMG_20161227_160238.jpg SIMPLE_RADIAL 1600 1200 1199.91 800 600 -0.0324314
query/day/nexus4/IMG_20140521_134955.jpg SIMPLE_RADIAL 1600 1200 1469.2 800 600 -0.0353019
query/day/milestone/2012-01-28_14-44-55_57.jpg SIMPLE_RADIAL 1024 768 977.494 512 384 0.0476376
query/day/nexus4/IMG_20140521_133539.jpg SIMPLE_RADIAL 1600 1200 1469.2 800 600 -0.0353019
query/day/milestone/2011-12-29_15-30-50_650.jpg SIMPLE_RADIAL 1024 768 977.494 512 384 0.0476376
query/day/nexus4/IMG_20140521_133535.jpg SIMPLE_RADIAL 1600 1200 1469.2 800 600 -0.0353019
query/day/milestone/2011-12-30_15-18-20_837.jpg SIMPLE_RADIAL 1024 768 977.494 512 384 0.0476376
query/day/nexus4/IMG_20140521_133153.jpg SIMPLE_RADIAL 1600 1200 1469.2 800 600 -0.0353019
query/day/nexus4/IMG_20140521_133558.jpg SIMPLE_RADIAL 1600 1200 1469.2 800 600 -0.0353019
query/day/nexus4/IMG_20130210_165733.jpg SIMPLE_RADIAL 1600 1200 1469.2 800 600 -0.0353019
query/day/nexus4/IMG_20140521_134537.jpg SIMPLE_RADIAL 1600 1200 1469.2 800 600 -0.0353019
query/day/nexus5x/IMG_20161227_160600.jpg SIMPLE_RADIAL 1200 1600 1195.8 600 800 0.0142778
query/day/milestone/2011-12-29_15-33-17_315.jpg SIMPLE_RADIAL 1024 768 977.494 512 384 0.0476376
query/day/nexus4/IMG_20130210_164919.jpg SIMPLE_RADIAL 1600 1200 1469.2 800 600 -0.0353019
query/day/nexus4/IMG_20140521_134832.jpg SIMPLE_RADIAL 1600 1200 1469.2 800 600 -0.0353019
query/day/nexus4/IMG_20140521_134530.jpg SIMPLE_RADIAL 1600 1200 1469.2 800 600 -0.0353019
query/day/nexus4/IMG_20140521_133200.jpg SIMPLE_RADIAL 1600 1200 1469.2 800 600 -0.0353019
query/day/nexus4/IMG_20130210_164947.jpg SIMPLE_RADIAL 1600 1200 1469.2 800 600 -0.0353019
query/day/nexus5x/IMG_20161227_160713.jpg SIMPLE_RADIAL 1600 1200 1199.91 800 600 -0.0324314
query/day/nexus5x/IMG_20161227_162905.jpg SIMPLE_RADIAL 1200 1600 1195.8 600 800 0.0142778
query/day/milestone/2011-12-29_15-35-03_214.jpg SIMPLE_RADIAL 1024 768 977.494 512 384 0.0476376
query/day/nexus4/IMG_20140521_133144.jpg SIMPLE_RADIAL 1600 1200 1469.2 800 600 -0.0353019
query/day/milestone/2012-04-01_17-53-05_488.jpg SIMPLE_RADIAL 768 1024 971.838 384 512 -0.00177789
query/day/nexus4/IMG_20140520_211849.jpg SIMPLE_RADIAL 1200 1600 1458.14 600 800 -0.0302454
query/day/milestone/2012-02-11_16-05-04_241.jpg SIMPLE_RADIAL 1024 768 977.494 512 384 0.0476376
query/day/nexus5x/IMG_20161227_160604.jpg SIMPLE_RADIAL 1200 1600 1195.8 600 800 0.0142778
query/day/milestone/2011-12-29_15-33-32_635.jpg SIMPLE_RADIAL 1024 768 977.494 512 384 0.0476376
query/day/nexus5x/IMG_20161227_160525.jpg SIMPLE_RADIAL 1600 1200 1199.91 800 600 -0.0324314
query/day/nexus4/IMG_20130210_164850.jpg SIMPLE_RADIAL 1200 1600 1458.14 600 800 -0.0302454
query/day/nexus5x/IMG_20161227_160732.jpg SIMPLE_RADIAL 1600 1200 1199.91 800 600 -0.0324314
query/day/milestone/2011-12-29_15-34-53_611.jpg SIMPLE_RADIAL 1024 768 977.494 512 384 0.0476376
query/day/nexus4/IMG_20140520_211900.jpg SIMPLE_RADIAL 1600 1200 1469.2 800 600 -0.0353019
query/day/milestone/2011-12-29_15-33-51_400.jpg SIMPLE_RADIAL 768 1024 971.838 384 512 -0.00177789
query/day/nexus4/IMG_20130210_165229.jpg SIMPLE_RADIAL 1600 1200 1469.2 800 600 -0.0353019
query/day/nexus4/IMG_20130210_165147.jpg SIMPLE_RADIAL 1200 1600 1458.14 600 800 -0.0302454
query/day/milestone/2011-12-30_15-18-29_265.jpg SIMPLE_RADIAL 1024 768 977.494 512 384 0.0476376
query/day/nexus4/IMG_20130210_165136.jpg SIMPLE_RADIAL 1600 1200 1469.2 800 600 -0.0353019
query/day/nexus4/IMG_20130210_165128.jpg SIMPLE_RADIAL 1600 1200 1469.2 800 600 -0.0353019
query/day/nexus4/IMG_20130210_165125.jpg SIMPLE_RADIAL 1600 1200 1469.2 800 600 -0.0353019
query/day/nexus4/IMG_20130210_165116.jpg SIMPLE_RADIAL 1200 1600 1458.14 600 800 -0.0302454
query/day/nexus4/IMG_20130210_165057.jpg SIMPLE_RADIAL 1600 1200 1469.2 800 600 -0.0353019
query/day/milestone/2011-12-29_15-36-19_806.jpg SIMPLE_RADIAL 1024 768 977.494 512 384 0.0476376
query/day/nexus4/IMG_20130210_165052.jpg SIMPLE_RADIAL 1600 1200 1469.2 800 600 -0.0353019
query/day/nexus4/IMG_20130210_165043.jpg SIMPLE_RADIAL 1600 1200 1469.2 800 600 -0.0353019
query/day/nexus4/IMG_20130210_165031.jpg SIMPLE_RADIAL 1600 1200 1469.2 800 600 -0.0353019
query/day/milestone/2011-12-29_15-35-42_606.jpg SIMPLE_RADIAL 768 1024 971.838 384 512 -0.00177789
query/day/nexus4/IMG_20130210_165017.jpg SIMPLE_RADIAL 1600 1200 1469.2 800 600 -0.0353019
query/day/nexus4/IMG_20130210_165003.jpg SIMPLE_RADIAL 1600 1200 1469.2 800 600 -0.0353019
query/day/nexus4/IMG_20130210_164956.jpg SIMPLE_RADIAL 1600 1200 1469.2 800 600 -0.0353019
query/day/milestone/2011-12-29_15-34-47_696.jpg SIMPLE_RADIAL 1024 768 977.494 512 384 0.0476376
query/day/nexus4/IMG_20130210_164938.jpg SIMPLE_RADIAL 1600 1200 1469.2 800 600 -0.0353019
query/day/nexus4/IMG_20130210_164929.jpg SIMPLE_RADIAL 1600 1200 1469.2 800 600 -0.0353019
query/day/nexus4/IMG_20130210_164844.jpg SIMPLE_RADIAL 1600 1200 1469.2 800 600 -0.0353019
query/day/nexus4/IMG_20130210_164834.jpg SIMPLE_RADIAL 1200 1600 1458.14 600 800 -0.0302454
query/day/nexus4/IMG_20130210_164819.jpg SIMPLE_RADIAL 1200 1600 1458.14 600 800 -0.0302454
query/day/nexus4/IMG_20130210_164807.jpg SIMPLE_RADIAL 1600 1200 1469.2 800 600 -0.0353019
query/day/nexus4/IMG_20140521_134509.jpg SIMPLE_RADIAL 1600 1200 1469.2 800 600 -0.0353019
query/day/nexus4/IMG_20130210_164749.jpg SIMPLE_RADIAL 1600 1200 1469.2 800 600 -0.0353019
query/day/nexus4/IMG_20140521_135831.jpg SIMPLE_RADIAL 1600 1200 1469.2 800 600 -0.0353019
query/day/nexus4/IMG_20140521_135826.jpg SIMPLE_RADIAL 1600 1200 1469.2 800 600 -0.0353019
query/day/nexus4/IMG_20140521_135822.jpg SIMPLE_RADIAL 1600 1200 1469.2 800 600 -0.0353019
query/day/nexus4/IMG_20140521_135727.jpg SIMPLE_RADIAL 1200 1600 1458.14 600 800 -0.0302454
query/day/nexus4/IMG_20140521_135635.jpg SIMPLE_RADIAL 1600 1200 1469.2 800 600 -0.0353019
query/day/nexus4/IMG_20140521_135627.jpg SIMPLE_RADIAL 1600 1200 1469.2 800 600 -0.0353019
query/day/nexus4/IMG_20140521_135615.jpg SIMPLE_RADIAL 1600 1200 1469.2 800 600 -0.0353019
query/day/nexus4/IMG_20140521_135553.jpg SIMPLE_RADIAL 1600 1200 1469.2 800 600 -0.0353019
query/day/nexus4/IMG_20140521_135550.jpg SIMPLE_RADIAL 1600 1200 1469.2 800 600 -0.0353019
query/day/nexus4/IMG_20140521_135542.jpg SIMPLE_RADIAL 1600 1200 1469.2 800 600 -0.0353019
query/day/nexus4/IMG_20140521_135532.jpg SIMPLE_RADIAL 1600 1200 1469.2 800 600 -0.0353019
query/day/nexus4/IMG_20140521_135527.jpg SIMPLE_RADIAL 1600 1200 1469.2 800 600 -0.0353019
query/day/nexus4/IMG_20140521_135517.jpg SIMPLE_RADIAL 1600 1200 1469.2 800 600 -0.0353019
query/day/nexus4/IMG_20140521_135510.jpg SIMPLE_RADIAL 1600 1200 1469.2 800 600 -0.0353019
query/day/nexus4/IMG_20140521_135502.jpg SIMPLE_RADIAL 1600 1200 1469.2 800 600 -0.0353019
query/day/nexus4/IMG_20140521_135458.jpg SIMPLE_RADIAL 1600 1200 1469.2 800 600 -0.0353019
query/day/nexus4/IMG_20140521_135439.jpg SIMPLE_RADIAL 1600 1200 1469.2 800 600 -0.0353019
query/day/nexus4/IMG_20140521_095557.jpg SIMPLE_RADIAL 1600 1200 1469.2 800 600 -0.0353019
query/day/nexus4/IMG_20140521_135339.jpg SIMPLE_RADIAL 1600 1200 1469.2 800 600 -0.0353019
query/day/nexus4/IMG_20140521_134437.jpg SIMPLE_RADIAL 1600 1200 1469.2 800 600 -0.0353019
query/day/nexus4/IMG_20140521_134157.jpg SIMPLE_RADIAL 1600 1200 1469.2 800 600 -0.0353019
query/day/nexus4/IMG_20140521_134905.jpg SIMPLE_RADIAL 1600 1200 1469.2 800 600 -0.0353019
query/day/nexus4/IMG_20140521_133901.jpg SIMPLE_RADIAL 1600 1200 1469.2 800 600 -0.0353019
query/day/nexus4/IMG_20140521_133440.jpg SIMPLE_RADIAL 1200 1600 1458.14 600 800 -0.0302454
query/day/nexus4/IMG_20140521_133430.jpg SIMPLE_RADIAL 1600 1200 1469.2 800 600 -0.0353019
query/day/nexus4/IMG_20140521_133129.jpg SIMPLE_RADIAL 1600 1200 1469.2 800 600 -0.0353019
query/day/nexus4/IMG_20130210_164315.jpg SIMPLE_RADIAL 1600 1200 1469.2 800 600 -0.0353019
query/day/nexus4/IMG_20130210_164224.jpg SIMPLE_RADIAL 1200 1600 1458.14 600 800 -0.0302454
query/day/nexus4/IMG_20140521_135349.jpg SIMPLE_RADIAL 1600 1200 1469.2 800 600 -0.0353019
query/day/nexus4/IMG_20130210_165539.jpg SIMPLE_RADIAL 1600 1200 1469.2 800 600 -0.0353019
query/day/nexus4/IMG_20140520_211939.jpg SIMPLE_RADIAL 1600 1200 1469.2 800 600 -0.0353019
query/day/nexus4/IMG_20140521_095640.jpg SIMPLE_RADIAL 1600 1200 1469.2 800 600 -0.0353019
query/day/milestone/2012-04-01_17-50-32_648.jpg SIMPLE_RADIAL 1024 768 977.494 512 384 0.0476376
query/day/milestone/2012-04-01_17-51-28_674.jpg SIMPLE_RADIAL 768 1024 971.838 384 512 -0.00177789
query/day/milestone/2012-04-01_17-54-56_5.jpg SIMPLE_RADIAL 768 1024 971.838 384 512 -0.00177789
query/day/milestone/2012-02-11_15-55-43_341.jpg SIMPLE_RADIAL 768 1024 971.838 384 512 -0.00177789
query/day/milestone/2012-02-11_15-56-05_505.jpg SIMPLE_RADIAL 1024 768 977.494 512 384 0.0476376
query/day/milestone/2011-10-01_14-36-47_800.jpg SIMPLE_RADIAL 1024 768 977.494 512 384 0.0476376
query/day/milestone/2012-04-21_19-06-20_584.jpg SIMPLE_RADIAL 1024 768 977.494 512 384 0.0476376
query/day/milestone/2011-10-01_14-37-04_651.jpg SIMPLE_RADIAL 768 1024 971.838 384 512 -0.00177789
query/day/milestone/2012-04-21_19-06-34_639.jpg SIMPLE_RADIAL 1024 768 977.494 512 384 0.0476376
query/day/milestone/2012-04-21_19-06-42_262.jpg SIMPLE_RADIAL 1024 768 977.494 512 384 0.0476376
query/day/milestone/2011-10-01_14-37-38_417.jpg SIMPLE_RADIAL 1024 768 977.494 512 384 0.0476376
query/day/milestone/2012-04-21_19-06-59_420.jpg SIMPLE_RADIAL 1024 768 977.494 512 384 0.0476376
query/day/milestone/2011-10-01_14-38-10_16.jpg SIMPLE_RADIAL 1024 768 977.494 512 384 0.0476376
query/day/milestone/2012-04-21_19-07-18_263.jpg SIMPLE_RADIAL 1024 768 977.494 512 384 0.0476376
query/day/milestone/2012-04-21_19-07-28_94.jpg SIMPLE_RADIAL 1024 768 977.494 512 384 0.0476376
query/day/milestone/2012-02-11_15-57-37_244.jpg SIMPLE_RADIAL 768 1024 971.838 384 512 -0.00177789
query/day/milestone/2012-04-21_19-07-46_32.jpg SIMPLE_RADIAL 1024 768 977.494 512 384 0.0476376
query/day/milestone/2012-04-21_19-07-58_895.jpg SIMPLE_RADIAL 1024 768 977.494 512 384 0.0476376
query/day/milestone/2012-02-11_16-05-22_472.jpg SIMPLE_RADIAL 768 1024 971.838 384 512 -0.00177789
query/day/milestone/2011-10-13_14-39-23_451.jpg SIMPLE_RADIAL 1024 768 977.494 512 384 0.0476376
query/day/nexus4/IMG_20140521_134111.jpg SIMPLE_RADIAL 1200 1600 1458.14 600 800 -0.0302454
query/day/milestone/2012-04-21_19-08-10_84.jpg SIMPLE_RADIAL 768 1024 971.838 384 512 -0.00177789
query/day/milestone/2012-04-21_19-08-20_123.jpg SIMPLE_RADIAL 1024 768 977.494 512 384 0.0476376
query/day/milestone/2012-02-11_16-05-39_713.jpg SIMPLE_RADIAL 768 1024 971.838 384 512 -0.00177789
query/day/milestone/2011-10-13_14-39-58_742.jpg SIMPLE_RADIAL 1024 768 977.494 512 384 0.0476376
query/day/nexus4/IMG_20130210_163122.jpg SIMPLE_RADIAL 1600 1200 1469.2 800 600 -0.0353019
query/day/nexus4/IMG_20130210_163137.jpg SIMPLE_RADIAL 1600 1200 1469.2 800 600 -0.0353019
query/day/milestone/2012-02-11_16-06-13_994.jpg SIMPLE_RADIAL 1024 768 977.494 512 384 0.0476376
query/day/milestone/2011-10-13_14-40-18_252.jpg SIMPLE_RADIAL 1024 768 977.494 512 384 0.0476376
query/day/nexus4/IMG_20130210_163148.jpg SIMPLE_RADIAL 1200 1600 1458.14 600 800 -0.0302454
query/day/nexus4/IMG_20130210_163156.jpg SIMPLE_RADIAL 1600 1200 1469.2 800 600 -0.0353019
query/day/milestone/2012-02-11_15-55-54_45.jpg SIMPLE_RADIAL 1024 768 977.494 512 384 0.0476376
query/day/nexus4/IMG_20130210_163204.jpg SIMPLE_RADIAL 1600 1200 1469.2 800 600 -0.0353019
query/day/milestone/2012-02-11_16-06-40_96.jpg SIMPLE_RADIAL 1024 768 977.494 512 384 0.0476376
query/day/nexus4/IMG_20130210_163213.jpg SIMPLE_RADIAL 1600 1200 1469.2 800 600 -0.0353019
query/day/milestone/2012-02-11_15-56-19_244.jpg SIMPLE_RADIAL 768 1024 971.838 384 512 -0.00177789
query/day/milestone/2011-10-13_14-41-53_189.jpg SIMPLE_RADIAL 768 1024 971.838 384 512 -0.00177789
query/day/nexus4/IMG_20130210_163222.jpg SIMPLE_RADIAL 1200 1600 1458.14 600 800 -0.0302454
query/day/milestone/2012-02-11_16-07-27_41.jpg SIMPLE_RADIAL 1024 768 977.494 512 384 0.0476376
query/day/milestone/2011-10-01_14-04-55_608.jpg SIMPLE_RADIAL 1024 768 977.494 512 384 0.0476376
query/day/nexus4/IMG_20130210_163228.jpg SIMPLE_RADIAL 1600 1200 1469.2 800 600 -0.0353019
query/day/milestone/2012-02-11_15-56-35_310.jpg SIMPLE_RADIAL 1024 768 977.494 512 384 0.0476376
query/day/nexus4/IMG_20130210_163239.jpg SIMPLE_RADIAL 1600 1200 1469.2 800 600 -0.0353019
query/day/milestone/2012-02-11_16-08-30_939.jpg SIMPLE_RADIAL 768 1024 971.838 384 512 -0.00177789
query/day/nexus4/IMG_20140521_134226.jpg SIMPLE_RADIAL 1600 1200 1469.2 800 600 -0.0353019
query/day/nexus4/IMG_20130210_163245.jpg SIMPLE_RADIAL 1600 1200 1469.2 800 600 -0.0353019
query/day/milestone/2012-02-11_15-57-28_658.jpg SIMPLE_RADIAL 1024 768 977.494 512 384 0.0476376
query/day/milestone/2011-10-13_14-42-44_697.jpg SIMPLE_RADIAL 768 1024 971.838 384 512 -0.00177789
query/day/nexus4/IMG_20140521_133730.jpg SIMPLE_RADIAL 1600 1200 1469.2 800 600 -0.0353019
query/day/milestone/2011-09-18_19-53-53_378.jpg SIMPLE_RADIAL 1024 768 977.494 512 384 0.0476376
query/day/nexus4/IMG_20130210_163519.jpg SIMPLE_RADIAL 1200 1600 1458.14 600 800 -0.0302454
query/day/nexus4/IMG_20140521_133744.jpg SIMPLE_RADIAL 1600 1200 1469.2 800 600 -0.0353019
query/day/milestone/2011-10-01_14-01-49_608.jpg SIMPLE_RADIAL 1024 768 977.494 512 384 0.0476376
query/day/nexus4/IMG_20130210_163642.jpg SIMPLE_RADIAL 1600 1200 1469.2 800 600 -0.0353019
query/day/milestone/2011-10-01_14-32-50_305.jpg SIMPLE_RADIAL 768 1024 971.838 384 512 -0.00177789
query/day/nexus4/IMG_20140521_133943.jpg SIMPLE_RADIAL 1600 1200 1469.2 800 600 -0.0353019
query/day/nexus4/IMG_20130210_163507.jpg SIMPLE_RADIAL 1600 1200 1469.2 800 600 -0.0353019
query/day/milestone/2011-09-18_19-53-14_634.jpg SIMPLE_RADIAL 1024 768 977.494 512 384 0.0476376
query/day/milestone/2011-10-01_14-04-42_522.jpg SIMPLE_RADIAL 1024 768 977.494 512 384 0.0476376
query/day/nexus4/IMG_20140521_134018.jpg SIMPLE_RADIAL 1600 1200 1469.2 800 600 -0.0353019
query/day/nexus4/IMG_20140521_134713.jpg SIMPLE_RADIAL 1600 1200 1469.2 800 600 -0.0353019
query/day/nexus4/IMG_20130210_163543.jpg SIMPLE_RADIAL 1600 1200 1469.2 800 600 -0.0353019
query/day/milestone/2011-10-01_14-01-18_320.jpg SIMPLE_RADIAL 1024 768 977.494 512 384 0.0476376
query/day/milestone/2011-10-01_14-34-58_286.jpg SIMPLE_RADIAL 1024 768 977.494 512 384 0.0476376
query/day/nexus4/IMG_20130210_163605.jpg SIMPLE_RADIAL 1600 1200 1469.2 800 600 -0.0353019
query/day/milestone/2011-10-01_14-01-28_960.jpg SIMPLE_RADIAL 1024 768 977.494 512 384 0.0476376
query/day/nexus4/IMG_20140521_134049.jpg SIMPLE_RADIAL 1600 1200 1469.2 800 600 -0.0353019
query/day/nexus4/IMG_20130210_163410.jpg SIMPLE_RADIAL 1600 1200 1469.2 800 600 -0.0353019
query/day/milestone/2011-10-01_14-01-40_851.jpg SIMPLE_RADIAL 1024 768 977.494 512 384 0.0476376
query/day/milestone/2011-10-01_14-06-54_697.jpg SIMPLE_RADIAL 1024 768 977.494 512 384 0.0476376
query/day/nexus4/IMG_20130210_163430.jpg SIMPLE_RADIAL 1600 1200 1469.2 800 600 -0.0353019
query/day/nexus4/IMG_20130210_163744.jpg SIMPLE_RADIAL 1600 1200 1469.2 800 600 -0.0353019
query/day/milestone/2011-10-01_14-02-31_15.jpg SIMPLE_RADIAL 1024 768 977.494 512 384 0.0476376
query/day/milestone/2011-10-01_14-36-35_776.jpg SIMPLE_RADIAL 1024 768 977.494 512 384 0.0476376
query/day/nexus4/IMG_20140521_134121.jpg SIMPLE_RADIAL 1600 1200 1469.2 800 600 -0.0353019
query/day/nexus4/IMG_20140520_183052.jpg SIMPLE_RADIAL 1600 1200 1469.2 800 600 -0.0353019
query/day/nexus4/IMG_20140521_133951.jpg SIMPLE_RADIAL 1600 1200 1469.2 800 600 -0.0353019
query/day/nexus4/IMG_20140521_133853.jpg SIMPLE_RADIAL 1600 1200 1469.2 800 600 -0.0353019
query/day/nexus4/IMG_20140520_182723.jpg SIMPLE_RADIAL 1600 1200 1469.2 800 600 -0.0353019
query/day/milestone/2012-04-01_18-11-50_589.jpg SIMPLE_RADIAL 768 1024 971.838 384 512 -0.00177789
query/day/milestone/2011-10-13_15-24-38_28.jpg SIMPLE_RADIAL 1024 768 977.494 512 384 0.0476376
query/day/milestone/2011-10-13_15-23-25_156.jpg SIMPLE_RADIAL 1024 768 977.494 512 384 0.0476376
query/day/milestone/2012-02-11_15-54-22_239.jpg SIMPLE_RADIAL 1024 768 977.494 512 384 0.0476376
query/day/nexus4/IMG_20140521_133959.jpg SIMPLE_RADIAL 1600 1200 1469.2 800 600 -0.0353019
query/day/nexus4/IMG_20140520_211755.jpg SIMPLE_RADIAL 1200 1600 1458.14 600 800 -0.0302454
query/day/nexus4/IMG_20130210_163450.jpg SIMPLE_RADIAL 1200 1600 1458.14 600 800 -0.0302454
query/day/milestone/2011-09-18_19-51-48_277.jpg SIMPLE_RADIAL 1024 768 977.494 512 384 0.0476376
query/day/nexus4/IMG_20140521_134720.jpg SIMPLE_RADIAL 1600 1200 1469.2 800 600 -0.0353019
query/day/nexus4/IMG_20140521_135132.jpg SIMPLE_RADIAL 1600 1200 1469.2 800 600 -0.0353019
query/day/milestone/2012-04-21_19-06-12_928.jpg SIMPLE_RADIAL 1024 768 977.494 512 384 0.0476376
query/day/milestone/2011-10-01_14-32-21_386.jpg SIMPLE_RADIAL 1024 768 977.494 512 384 0.0476376
query/day/nexus4/IMG_20140521_135449.jpg SIMPLE_RADIAL 1600 1200 1469.2 800 600 -0.0353019
query/day/milestone/2011-10-13_15-28-32_396.jpg SIMPLE_RADIAL 1024 768 977.494 512 384 0.0476376
query/day/nexus4/IMG_20140521_134103.jpg SIMPLE_RADIAL 1600 1200 1469.2 800 600 -0.0353019
query/day/milestone/2012-01-28_14-40-10_416.jpg SIMPLE_RADIAL 1024 768 977.494 512 384 0.0476376
query/day/nexus4/IMG_20130210_163456.jpg SIMPLE_RADIAL 1600 1200 1469.2 800 600 -0.0353019
query/day/nexus4/IMG_20130210_165257.jpg SIMPLE_RADIAL 1200 1600 1458.14 600 800 -0.0302454
query/day/nexus4/IMG_20140521_134058.jpg SIMPLE_RADIAL 1600 1200 1469.2 800 600 -0.0353019
query/day/nexus4/IMG_20130210_163752.jpg SIMPLE_RADIAL 1200 1600 1458.14 600 800 -0.0302454
query/day/nexus4/IMG_20140521_134517.jpg SIMPLE_RADIAL 1600 1200 1469.2 800 600 -0.0353019
query/day/nexus4/IMG_20140521_134725.jpg SIMPLE_RADIAL 1600 1200 1469.2 800 600 -0.0353019
query/day/milestone/2011-10-13_14-42-19_619.jpg SIMPLE_RADIAL 1024 768 977.494 512 384 0.0476376
query/day/nexus4/IMG_20140521_134032.jpg SIMPLE_RADIAL 1600 1200 1469.2 800 600 -0.0353019
query/day/milestone/2011-10-03_13-15-48_699.jpg SIMPLE_RADIAL 1024 768 977.494 512 384 0.0476376
query/day/nexus4/IMG_20140521_135154.jpg SIMPLE_RADIAL 1600 1200 1469.2 800 600 -0.0353019
query/day/nexus4/IMG_20140521_134702.jpg SIMPLE_RADIAL 1600 1200 1469.2 800 600 -0.0353019
query/day/nexus4/IMG_20140521_134006.jpg SIMPLE_RADIAL 1600 1200 1469.2 800 600 -0.0353019
query/day/nexus4/IMG_20140521_135141.jpg SIMPLE_RADIAL 1200 1600 1458.14 600 800 -0.0302454
query/day/nexus4/IMG_20140521_135136.jpg SIMPLE_RADIAL 1600 1200 1469.2 800 600 -0.0353019
query/day/nexus4/IMG_20140520_182909.jpg SIMPLE_RADIAL 1600 1200 1469.2 800 600 -0.0353019
query/day/milestone/2011-10-13_15-28-44_551.jpg SIMPLE_RADIAL 1024 768 977.494 512 384 0.0476376
query/day/nexus4/IMG_20140521_134455.jpg SIMPLE_RADIAL 1600 1200 1469.2 800 600 -0.0353019
query/day/milestone/2012-04-01_17-51-57_877.jpg SIMPLE_RADIAL 768 1024 971.838 384 512 -0.00177789
query/day/milestone/2012-01-01_09-47-31_226.jpg SIMPLE_RADIAL 1024 768 977.494 512 384 0.0476376
query/day/nexus4/IMG_20140521_134759.jpg SIMPLE_RADIAL 1200 1600 1458.14 600 800 -0.0302454
query/day/milestone/2011-10-13_14-42-35_909.jpg SIMPLE_RADIAL 1024 768 977.494 512 384 0.0476376
query/day/nexus4/IMG_20140521_134042.jpg SIMPLE_RADIAL 1600 1200 1469.2 800 600 -0.0353019
query/day/nexus4/IMG_20140521_135234.jpg SIMPLE_RADIAL 1600 1200 1469.2 800 600 -0.0353019
query/day/milestone/2011-10-01_14-33-25_558.jpg SIMPLE_RADIAL 768 1024 971.838 384 512 -0.00177789
query/day/milestone/2011-10-13_14-40-48_799.jpg SIMPLE_RADIAL 1024 768 977.494 512 384 0.0476376
query/day/nexus4/IMG_20140521_134620.jpg SIMPLE_RADIAL 1600 1200 1469.2 800 600 -0.0353019
query/day/milestone/2011-10-13_14-40-58_228.jpg SIMPLE_RADIAL 1024 768 977.494 512 384 0.0476376
query/day/nexus4/IMG_20140521_135207.jpg SIMPLE_RADIAL 1600 1200 1469.2 800 600 -0.0353019
query/day/nexus4/IMG_20140521_134708.jpg SIMPLE_RADIAL 1600 1200 1469.2 800 600 -0.0353019
query/day/nexus4/IMG_20140521_134010.jpg SIMPLE_RADIAL 1600 1200 1469.2 800 600 -0.0353019
query/day/milestone/2011-10-13_15-22-28_406.jpg SIMPLE_RADIAL 768 1024 971.838 384 512 -0.00177789
query/day/nexus4/IMG_20140521_135259.jpg SIMPLE_RADIAL 1600 1200 1469.2 800 600 -0.0353019
query/day/milestone/2011-10-01_14-04-06_46.jpg SIMPLE_RADIAL 1024 768 977.494 512 384 0.0476376
query/day/milestone/2011-10-13_14-40-10_3.jpg SIMPLE_RADIAL 1024 768 977.494 512 384 0.0476376
query/day/nexus4/IMG_20140521_133829.jpg SIMPLE_RADIAL 1600 1200 1469.2 800 600 -0.0353019
query/day/nexus4/IMG_20130210_163303.jpg SIMPLE_RADIAL 1600 1200 1469.2 800 600 -0.0353019
query/day/nexus4/IMG_20140521_135218.jpg SIMPLE_RADIAL 1600 1200 1469.2 800 600 -0.0353019
query/day/milestone/2011-10-13_14-43-25_273.jpg SIMPLE_RADIAL 768 1024 971.838 384 512 -0.00177789
query/day/milestone/2012-02-11_15-54-43_404.jpg SIMPLE_RADIAL 768 1024 971.838 384 512 -0.00177789
query/day/nexus4/IMG_20140521_135144.jpg SIMPLE_RADIAL 1600 1200 1469.2 800 600 -0.0353019
query/day/milestone/2011-10-13_15-21-54_312.jpg SIMPLE_RADIAL 1024 768 977.494 512 384 0.0476376
query/day/nexus4/IMG_20130210_163342.jpg SIMPLE_RADIAL 1200 1600 1458.14 600 800 -0.0302454
query/day/nexus4/IMG_20130210_165409.jpg SIMPLE_RADIAL 1200 1600 1458.14 600 800 -0.0302454
query/day/milestone/2012-01-28_14-40-55_292.jpg SIMPLE_RADIAL 1024 768 977.494 512 384 0.0476376
query/day/milestone/2012-02-11_16-06-32_96.jpg SIMPLE_RADIAL 768 1024 971.838 384 512 -0.00177789
query/day/nexus4/IMG_20140521_134543.jpg SIMPLE_RADIAL 1600 1200 1469.2 800 600 -0.0353019
query/day/nexus4/IMG_20140521_134552.jpg SIMPLE_RADIAL 1600 1200 1469.2 800 600 -0.0353019
query/day/milestone/2011-12-17_14-51-57_632.jpg SIMPLE_RADIAL 768 1024 971.838 384 512 -0.00177789
query/day/nexus4/IMG_20130210_163442.jpg SIMPLE_RADIAL 1200 1600 1458.14 600 800 -0.0302454
query/day/milestone/2012-04-01_17-52-20_918.jpg SIMPLE_RADIAL 768 1024 971.838 384 512 -0.00177789
query/day/milestone/2012-04-01_18-11-32_119.jpg SIMPLE_RADIAL 1024 768 977.494 512 384 0.0476376
query/day/nexus4/IMG_20140521_134259.jpg SIMPLE_RADIAL 1200 1600 1458.14 600 800 -0.0302454
query/day/milestone/2012-02-18_13-09-02_132.jpg SIMPLE_RADIAL 1024 768 977.494 512 384 0.0476376
query/day/nexus4/IMG_20140521_135425.jpg SIMPLE_RADIAL 1600 1200 1469.2 800 600 -0.0353019
query/day/milestone/2012-02-04_14-26-36_868.jpg SIMPLE_RADIAL 1024 768 977.494 512 384 0.0476376
query/day/milestone/2012-02-04_14-24-57_766.jpg SIMPLE_RADIAL 1024 768 977.494 512 384 0.0476376
query/day/nexus4/IMG_20140521_134229.jpg SIMPLE_RADIAL 1600 1200 1469.2 800 600 -0.0353019
query/day/milestone/2011-10-13_15-23-06_588.jpg SIMPLE_RADIAL 1024 768 977.494 512 384 0.0476376
query/day/milestone/2012-04-01_17-53-25_203.jpg SIMPLE_RADIAL 768 1024 971.838 384 512 -0.00177789
query/day/nexus4/IMG_20140521_135431.jpg SIMPLE_RADIAL 1600 1200 1469.2 800 600 -0.0353019
query/day/nexus4/IMG_20140521_134250.jpg SIMPLE_RADIAL 1600 1200 1469.2 800 600 -0.0353019
query/day/milestone/2012-04-21_19-05-53_128.jpg SIMPLE_RADIAL 768 1024 971.838 384 512 -0.00177789
query/day/milestone/2011-10-01_14-02-03_773.jpg SIMPLE_RADIAL 1024 768 977.494 512 384 0.0476376
query/day/milestone/2011-10-13_15-26-09_227.jpg SIMPLE_RADIAL 1024 768 977.494 512 384 0.0476376
query/day/nexus4/IMG_20130210_163656.jpg SIMPLE_RADIAL 1200 1600 1458.14 600 800 -0.0302454
query/day/milestone/2011-09-12_14-15-33_253.jpg SIMPLE_RADIAL 1024 768 977.494 512 384 0.0476376
query/day/milestone/2012-02-11_17-54-57_837.jpg SIMPLE_RADIAL 768 1024 971.838 384 512 -0.00177789
query/day/milestone/2011-10-01_14-34-01_838.jpg SIMPLE_RADIAL 1024 768 977.494 512 384 0.0476376
query/day/milestone/2011-10-13_14-41-10_987.jpg SIMPLE_RADIAL 1024 768 977.494 512 384 0.0476376
query/day/milestone/2011-10-01_14-03-23_319.jpg SIMPLE_RADIAL 1024 768 977.494 512 384 0.0476376
query/day/milestone/2011-10-13_14-39-31_519.jpg SIMPLE_RADIAL 1024 768 977.494 512 384 0.0476376
query/day/milestone/2011-10-13_15-28-57_199.jpg SIMPLE_RADIAL 1024 768 977.494 512 384 0.0476376
query/day/milestone/2012-01-28_14-44-12_979.jpg SIMPLE_RADIAL 1024 768 977.494 512 384 0.0476376
query/day/milestone/2011-10-01_14-32-07_573.jpg SIMPLE_RADIAL 768 1024 971.838 384 512 -0.00177789
query/day/nexus4/IMG_20140521_133816.jpg SIMPLE_RADIAL 1600 1200 1469.2 800 600 -0.0353019
query/day/nexus4/IMG_20140521_133716.jpg SIMPLE_RADIAL 1200 1600 1458.14 600 800 -0.0302454
query/day/nexus4/IMG_20130210_163420.jpg SIMPLE_RADIAL 1600 1200 1469.2 800 600 -0.0353019
query/day/nexus4/IMG_20140521_133618.jpg SIMPLE_RADIAL 1600 1200 1469.2 800 600 -0.0353019
query/day/nexus4/IMG_20130210_163326.jpg SIMPLE_RADIAL 1600 1200 1469.2 800 600 -0.0353019
query/day/milestone/2011-10-15_14-27-51_352.jpg SIMPLE_RADIAL 1024 768 977.494 512 384 0.0476376
query/day/milestone/2011-10-15_14-27-59_188.jpg SIMPLE_RADIAL 1024 768 977.494 512 384 0.0476376
query/day/nexus4/IMG_20130210_163733.jpg SIMPLE_RADIAL 1600 1200 1469.2 800 600 -0.0353019
query/day/milestone/2012-04-01_18-11-58_134.jpg SIMPLE_RADIAL 1024 768 977.494 512 384 0.0476376
query/day/milestone/2012-04-01_18-11-40_213.jpg SIMPLE_RADIAL 1024 768 977.494 512 384 0.0476376
query/day/milestone/2011-10-01_14-05-51_548.jpg SIMPLE_RADIAL 1024 768 977.494 512 384 0.0476376
query/day/nexus4/IMG_20140521_133704.jpg SIMPLE_RADIAL 1600 1200 1469.2 800 600 -0.0353019
query/day/nexus4/IMG_20130210_163614.jpg SIMPLE_RADIAL 1600 1200 1469.2 800 600 -0.0353019
query/day/nexus4/IMG_20140521_133236.jpg SIMPLE_RADIAL 1600 1200 1469.2 800 600 -0.0353019
query/day/milestone/2011-10-01_14-05-02_890.jpg SIMPLE_RADIAL 1024 768 977.494 512 384 0.0476376
query/day/nexus4/IMG_20140521_133657.jpg SIMPLE_RADIAL 1600 1200 1469.2 800 600 -0.0353019
query/day/nexus4/IMG_20140521_134901.jpg SIMPLE_RADIAL 1600 1200 1469.2 800 600 -0.0353019
query/day/nexus4/IMG_20130210_163537.jpg SIMPLE_RADIAL 1200 1600 1458.14 600 800 -0.0302454
query/day/milestone/2011-10-01_14-04-27_991.jpg SIMPLE_RADIAL 1024 768 977.494 512 384 0.0476376
query/day/nexus4/IMG_20140521_133638.jpg SIMPLE_RADIAL 1600 1200 1469.2 800 600 -0.0353019
query/day/milestone/2011-10-13_15-26-23_83.jpg SIMPLE_RADIAL 768 1024 971.838 384 512 -0.00177789
query/day/milestone/2012-04-01_17-52-30_726.jpg SIMPLE_RADIAL 768 1024 971.838 384 512 -0.00177789
query/day/milestone/2011-10-01_14-04-16_647.jpg SIMPLE_RADIAL 1024 768 977.494 512 384 0.0476376
query/day/milestone/2012-01-15_12-42-51_289.jpg SIMPLE_RADIAL 1024 768 977.494 512 384 0.0476376
query/day/milestone/2011-10-13_15-25-56_609.jpg SIMPLE_RADIAL 1024 768 977.494 512 384 0.0476376
query/day/milestone/2012-04-01_17-52-11_509.jpg SIMPLE_RADIAL 1024 768 977.494 512 384 0.0476376
query/day/milestone/2011-10-01_14-03-53_317.jpg SIMPLE_RADIAL 1024 768 977.494 512 384 0.0476376
query/day/nexus4/IMG_20140521_134814.jpg SIMPLE_RADIAL 1600 1200 1469.2 800 600 -0.0353019
query/day/milestone/2012-04-01_17-51-41_830.jpg SIMPLE_RADIAL 1024 768 977.494 512 384 0.0476376
query/day/nexus4/IMG_20140521_133925.jpg SIMPLE_RADIAL 1600 1200 1469.2 800 600 -0.0353019
query/day/milestone/2011-10-01_14-03-03_624.jpg SIMPLE_RADIAL 1024 768 977.494 512 384 0.0476376
query/day/milestone/2011-10-13_15-24-27_555.jpg SIMPLE_RADIAL 1024 768 977.494 512 384 0.0476376
query/day/milestone/2012-04-01_17-50-51_52.jpg SIMPLE_RADIAL 768 1024 971.838 384 512 -0.00177789
query/day/nexus4/IMG_20140521_134746.jpg SIMPLE_RADIAL 1600 1200 1469.2 800 600 -0.0353019
query/day/nexus4/IMG_20130210_163400.jpg SIMPLE_RADIAL 1600 1200 1469.2 800 600 -0.0353019
query/day/nexus4/IMG_20140521_134319.jpg SIMPLE_RADIAL 1200 1600 1458.14 600 800 -0.0302454
query/day/milestone/2011-10-13_15-24-17_508.jpg SIMPLE_RADIAL 1024 768 977.494 512 384 0.0476376
query/day/nexus4/IMG_20140521_133834.jpg SIMPLE_RADIAL 1600 1200 1469.2 800 600 -0.0353019
query/day/nexus4/IMG_20140521_134734.jpg SIMPLE_RADIAL 1600 1200 1469.2 800 600 -0.0353019
query/day/nexus4/IMG_20140521_133824.jpg SIMPLE_RADIAL 1200 1600 1458.14 600 800 -0.0302454
query/day/milestone/2012-02-11_17-55-15_790.jpg SIMPLE_RADIAL 1024 768 977.494 512 384 0.0476376
query/day/nexus4/IMG_20140521_133802.jpg SIMPLE_RADIAL 1600 1200 1469.2 800 600 -0.0353019
query/day/milestone/2011-09-18_19-52-52_142.jpg SIMPLE_RADIAL 1024 768 977.494 512 384 0.0476376
query/day/nexus4/IMG_20140521_133751.jpg SIMPLE_RADIAL 1600 1200 1469.2 800 600 -0.0353019
query/day/milestone/2011-10-01_14-35-09_370.jpg SIMPLE_RADIAL 1024 768 977.494 512 384 0.0476376
query/day/milestone/2012-02-11_17-54-45_951.jpg SIMPLE_RADIAL 1024 768 977.494 512 384 0.0476376
query/day/nexus4/IMG_20140521_134934.jpg SIMPLE_RADIAL 1600 1200 1469.2 800 600 -0.0353019
query/day/nexus4/IMG_20140521_133735.jpg SIMPLE_RADIAL 1200 1600 1458.14 600 800 -0.0302454
query/day/milestone/2012-02-11_16-12-51_455.jpg SIMPLE_RADIAL 768 1024 971.838 384 512 -0.00177789
query/day/nexus4/IMG_20140521_134642.jpg SIMPLE_RADIAL 1600 1200 1469.2 800 600 -0.0353019
query/day/nexus4/IMG_20140521_133725.jpg SIMPLE_RADIAL 1600 1200 1469.2 800 600 -0.0353019
query/day/nexus4/IMG_20140521_134624.jpg SIMPLE_RADIAL 1600 1200 1469.2 800 600 -0.0353019
query/day/milestone/2011-10-01_14-33-40_719.jpg SIMPLE_RADIAL 1024 768 977.494 512 384 0.0476376
query/day/milestone/2011-10-13_15-22-10_39.jpg SIMPLE_RADIAL 768 1024 971.838 384 512 -0.00177789
query/day/milestone/2012-02-11_16-07-09_767.jpg SIMPLE_RADIAL 768 1024 971.838 384 512 -0.00177789
query/day/nexus4/IMG_20140521_134611.jpg SIMPLE_RADIAL 1600 1200 1469.2 800 600 -0.0353019
query/day/nexus4/IMG_20140521_134851.jpg SIMPLE_RADIAL 1200 1600 1458.14 600 800 -0.0302454
query/day/nexus4/IMG_20140521_133653.jpg SIMPLE_RADIAL 1600 1200 1469.2 800 600 -0.0353019
query/day/milestone/2011-10-01_14-33-15_675.jpg SIMPLE_RADIAL 1024 768 977.494 512 384 0.0476376
query/day/milestone/2011-10-13_15-21-48_70.jpg SIMPLE_RADIAL 1024 768 977.494 512 384 0.0476376
query/day/nexus4/IMG_20140521_133644.jpg SIMPLE_RADIAL 1600 1200 1469.2 800 600 -0.0353019
query/day/milestone/2011-10-01_14-33-03_50.jpg SIMPLE_RADIAL 1024 768 977.494 512 384 0.0476376
query/day/milestone/2011-10-13_14-44-35_892.jpg SIMPLE_RADIAL 1024 768 977.494 512 384 0.0476376
query/day/milestone/2011-09-18_19-45-01_34.jpg SIMPLE_RADIAL 768 1024 971.838 384 512 -0.00177789
query/day/nexus4/IMG_20140521_133630.jpg SIMPLE_RADIAL 1200 1600 1458.14 600 800 -0.0302454
query/day/nexus4/IMG_20130210_163338.jpg SIMPLE_RADIAL 1600 1200 1469.2 800 600 -0.0353019
query/day/milestone/2012-02-11_16-05-59_783.jpg SIMPLE_RADIAL 768 1024 971.838 384 512 -0.00177789
query/day/milestone/2012-02-11_15-07-14_158.jpg SIMPLE_RADIAL 768 1024 971.838 384 512 -0.00177789
query/day/milestone/2011-10-01_14-31-58_416.jpg SIMPLE_RADIAL 1024 768 977.494 512 384 0.0476376
query/day/nexus4/IMG_20130210_163309.jpg SIMPLE_RADIAL 1200 1600 1458.14 600 800 -0.0302454
query/day/milestone/2012-02-11_15-06-19_188.jpg SIMPLE_RADIAL 768 1024 971.838 384 512 -0.00177789
query/day/milestone/2011-10-01_14-06-32_541.jpg SIMPLE_RADIAL 1024 768 977.494 512 384 0.0476376
query/day/nexus4/IMG_20130210_163253.jpg SIMPLE_RADIAL 1600 1200 1469.2 800 600 -0.0353019
query/day/milestone/2011-10-01_14-06-14_385.jpg SIMPLE_RADIAL 768 1024 971.838 384 512 -0.00177789
query/day/milestone/2011-09-18_19-51-28_840.jpg SIMPLE_RADIAL 768 1024 971.838 384 512 -0.00177789
query/day/milestone/2012-02-11_15-55-18_225.jpg SIMPLE_RADIAL 1024 768 977.494 512 384 0.0476376
query/day/milestone/2011-09-18_19-51-21_238.jpg SIMPLE_RADIAL 768 1024 971.838 384 512 -0.00177789
query/day/milestone/2012-02-11_15-54-53_466.jpg SIMPLE_RADIAL 768 1024 971.838 384 512 -0.00177789
query/day/milestone/2011-09-18_19-50-03_845.jpg SIMPLE_RADIAL 1024 768 977.494 512 384 0.0476376
query/day/milestone/2012-02-11_15-54-30_83.jpg SIMPLE_RADIAL 768 1024 971.838 384 512 -0.00177789
query/day/milestone/2011-09-18_19-49-27_741.jpg SIMPLE_RADIAL 1024 768 977.494 512 384 0.0476376
query/day/milestone/2012-01-01_11-00-20_21.jpg SIMPLE_RADIAL 1024 768 977.494 512 384 0.0476376
query/day/milestone/2012-01-28_14-42-30_955.jpg SIMPLE_RADIAL 1024 768 977.494 512 384 0.0476376
query/day/nexus4/IMG_20130210_165559.jpg SIMPLE_RADIAL 1600 1200 1469.2 800 600 -0.0353019
query/day/milestone/2012-02-11_15-53-41_116.jpg SIMPLE_RADIAL 768 1024 971.838 384 512 -0.00177789
query/day/milestone/2011-09-18_19-48-09_199.jpg SIMPLE_RADIAL 1024 768 977.494 512 384 0.0476376
query/day/milestone/2011-09-18_19-48-01_445.jpg SIMPLE_RADIAL 768 1024 971.838 384 512 -0.00177789
query/day/milestone/2012-02-11_15-07-21_697.jpg SIMPLE_RADIAL 768 1024 971.838 384 512 -0.00177789
query/day/milestone/2011-12-30_15-21-57_182.jpg SIMPLE_RADIAL 1024 768 977.494 512 384 0.0476376
query/day/nexus4/IMG_20130210_165459.jpg SIMPLE_RADIAL 1600 1200 1469.2 800 600 -0.0353019
query/day/milestone/2011-09-04_18-03-31_55.jpg SIMPLE_RADIAL 768 1024 971.838 384 512 -0.00177789
query/day/milestone/2012-02-11_15-06-31_219.jpg SIMPLE_RADIAL 1024 768 977.494 512 384 0.0476376
query/day/milestone/2011-08-27_19-07-57_152.jpg SIMPLE_RADIAL 1024 768 977.494 512 384 0.0476376
query/day/milestone/2011-08-27_19-04-32_391.jpg SIMPLE_RADIAL 768 1024 971.838 384 512 -0.00177789
query/day/milestone/2012-02-11_15-06-07_821.jpg SIMPLE_RADIAL 768 1024 971.838 384 512 -0.00177789
query/day/milestone/2011-06-25_14-52-41_37.jpg SIMPLE_RADIAL 1024 768 977.494 512 384 0.0476376
query/day/milestone/2012-02-11_15-05-53_430.jpg SIMPLE_RADIAL 1024 768 977.494 512 384 0.0476376
query/day/milestone/2011-06-25_14-52-30_729.jpg SIMPLE_RADIAL 1024 768 977.494 512 384 0.0476376
query/day/milestone/2012-02-11_15-05-45_805.jpg SIMPLE_RADIAL 768 1024 971.838 384 512 -0.00177789
query/day/milestone/2011-06-25_14-52-16_178.jpg SIMPLE_RADIAL 1024 768 977.494 512 384 0.0476376
query/day/milestone/2012-02-11_15-05-04_657.jpg SIMPLE_RADIAL 1024 768 977.494 512 384 0.0476376
query/day/milestone/2010-10-30_17-49-44_340.jpg SIMPLE_RADIAL 1024 768 977.494 512 384 0.0476376
query/day/milestone/2010-10-30_17-49-33_742.jpg SIMPLE_RADIAL 1024 768 977.494 512 384 0.0476376
query/day/milestone/2011-12-29_15-36-12_252.jpg SIMPLE_RADIAL 1024 768 977.494 512 384 0.0476376
query/day/milestone/2012-02-04_14-38-27_722.jpg SIMPLE_RADIAL 1024 768 977.494 512 384 0.0476376
query/day/milestone/2010-10-30_17-49-17_523.jpg SIMPLE_RADIAL 1024 768 977.494 512 384 0.0476376
query/day/milestone/2010-10-30_17-48-53_719.jpg SIMPLE_RADIAL 1024 768 977.494 512 384 0.0476376
query/day/milestone/2010-10-30_17-48-42_201.jpg SIMPLE_RADIAL 1024 768 977.494 512 384 0.0476376
query/day/milestone/2012-02-04_14-28-54_541.jpg SIMPLE_RADIAL 1024 768 977.494 512 384 0.0476376
query/day/milestone/2010-10-30_17-48-33_797.jpg SIMPLE_RADIAL 1024 768 977.494 512 384 0.0476376
query/day/milestone/2012-02-04_14-28-43_650.jpg SIMPLE_RADIAL 1024 768 977.494 512 384 0.0476376
query/day/milestone/2010-10-30_17-48-20_774.jpg SIMPLE_RADIAL 1024 768 977.494 512 384 0.0476376
query/day/milestone/2012-02-04_14-28-35_778.jpg SIMPLE_RADIAL 768 1024 971.838 384 512 -0.00177789
query/day/milestone/2010-10-30_17-47-59_875.jpg SIMPLE_RADIAL 1024 768 977.494 512 384 0.0476376
query/day/milestone/2012-02-04_14-28-12_421.jpg SIMPLE_RADIAL 1024 768 977.494 512 384 0.0476376
query/day/milestone/2010-10-30_17-47-51_774.jpg SIMPLE_RADIAL 1024 768 977.494 512 384 0.0476376
query/day/milestone/2011-12-29_15-33-41_760.jpg SIMPLE_RADIAL 1024 768 977.494 512 384 0.0476376
query/day/milestone/2012-02-04_14-27-59_72.jpg SIMPLE_RADIAL 1024 768 977.494 512 384 0.0476376
query/day/milestone/2010-10-30_17-47-33_586.jpg SIMPLE_RADIAL 1024 768 977.494 512 384 0.0476376
query/day/milestone/2012-02-11_15-04-56_852.jpg SIMPLE_RADIAL 768 1024 971.838 384 512 -0.00177789
query/day/milestone/2011-09-18_19-49-47_322.jpg SIMPLE_RADIAL 1024 768 977.494 512 384 0.0476376
query/day/milestone/2012-02-04_14-29-15_423.jpg SIMPLE_RADIAL 768 1024 971.838 384 512 -0.00177789
query/day/milestone/2011-09-18_19-49-18_689.jpg SIMPLE_RADIAL 1024 768 977.494 512 384 0.0476376
query/day/milestone/2012-02-04_14-29-05_111.jpg SIMPLE_RADIAL 768 1024 971.838 384 512 -0.00177789
query/day/milestone/2011-09-18_19-48-15_986.jpg SIMPLE_RADIAL 1024 768 977.494 512 384 0.0476376
query/day/milestone/2011-06-25_14-52-08_316.jpg SIMPLE_RADIAL 1024 768 977.494 512 384 0.0476376
query/day/milestone/2010-10-30_17-47-25_73.jpg SIMPLE_RADIAL 1024 768 977.494 512 384 0.0476376
query/day/nexus4/IMG_20140521_134310.jpg SIMPLE_RADIAL 1200 1600 1458.14 600 800 -0.0302454
query/day/milestone/2011-10-01_14-38-39_644.jpg SIMPLE_RADIAL 1024 768 977.494 512 384 0.0476376
query/day/milestone/2012-02-04_14-27-02_446.jpg SIMPLE_RADIAL 768 1024 971.838 384 512 -0.00177789
query/day/milestone/2012-02-04_14-26-27_329.jpg SIMPLE_RADIAL 1024 768 977.494 512 384 0.0476376
query/day/milestone/2012-02-04_14-27-11_868.jpg SIMPLE_RADIAL 1024 768 977.494 512 384 0.0476376
query/day/milestone/2012-02-04_14-26-05_672.jpg SIMPLE_RADIAL 1024 768 977.494 512 384 0.0476376
query/day/milestone/2012-02-04_14-25-57_611.jpg SIMPLE_RADIAL 768 1024 971.838 384 512 -0.00177789
query/day/milestone/2012-02-04_14-25-24_48.jpg SIMPLE_RADIAL 1024 768 977.494 512 384 0.0476376
query/day/milestone/2012-02-04_14-25-15_610.jpg SIMPLE_RADIAL 768 1024 971.838 384 512 -0.00177789
query/day/milestone/2012-02-04_14-23-21_748.jpg SIMPLE_RADIAL 1024 768 977.494 512 384 0.0476376
query/day/milestone/2012-02-04_14-22-58_90.jpg SIMPLE_RADIAL 1024 768 977.494 512 384 0.0476376
query/day/nexus4/IMG_20140521_134138.jpg SIMPLE_RADIAL 1600 1200 1469.2 800 600 -0.0353019
query/day/milestone/2012-02-04_14-22-30_751.jpg SIMPLE_RADIAL 1024 768 977.494 512 384 0.0476376
query/day/milestone/2012-02-04_14-23-36_467.jpg SIMPLE_RADIAL 1024 768 977.494 512 384 0.0476376
query/day/milestone/2012-02-04_14-22-23_115.jpg SIMPLE_RADIAL 1024 768 977.494 512 384 0.0476376
query/day/milestone/2011-10-01_14-34-12_690.jpg SIMPLE_RADIAL 1024 768 977.494 512 384 0.0476376
query/day/milestone/2012-02-04_14-22-13_779.jpg SIMPLE_RADIAL 768 1024 971.838 384 512 -0.00177789
query/day/milestone/2012-02-04_14-21-52_735.jpg SIMPLE_RADIAL 1024 768 977.494 512 384 0.0476376
query/day/milestone/2012-02-04_14-21-34_646.jpg SIMPLE_RADIAL 1024 768 977.494 512 384 0.0476376
query/day/milestone/2012-02-04_14-21-18_397.jpg SIMPLE_RADIAL 1024 768 977.494 512 384 0.0476376
query/day/milestone/2012-02-04_14-21-05_53.jpg SIMPLE_RADIAL 1024 768 977.494 512 384 0.0476376
query/day/milestone/2012-01-28_14-43-44_776.jpg SIMPLE_RADIAL 1024 768 977.494 512 384 0.0476376
query/day/milestone/2012-02-04_14-20-28_124.jpg SIMPLE_RADIAL 1024 768 977.494 512 384 0.0476376
query/day/milestone/2012-01-28_15-19-19_648.jpg SIMPLE_RADIAL 768 1024 971.838 384 512 -0.00177789
query/day/milestone/2012-02-04_14-22-01_386.jpg SIMPLE_RADIAL 1024 768 977.494 512 384 0.0476376
query/day/milestone/2012-02-04_14-26-51_287.jpg SIMPLE_RADIAL 1024 768 977.494 512 384 0.0476376
query/day/nexus4/IMG_20140520_211932.jpg SIMPLE_RADIAL 1600 1200 1469.2 800 600 -0.0353019
query/day/milestone/2012-01-28_15-19-08_964.jpg SIMPLE_RADIAL 1024 768 977.494 512 384 0.0476376
query/day/milestone/2012-01-28_15-18-50_977.jpg SIMPLE_RADIAL 768 1024 971.838 384 512 -0.00177789
query/day/milestone/2012-01-28_14-42-20_620.jpg SIMPLE_RADIAL 768 1024 971.838 384 512 -0.00177789
query/day/milestone/2012-01-28_15-18-34_874.jpg SIMPLE_RADIAL 1024 768 977.494 512 384 0.0476376
query/day/milestone/2012-01-28_15-18-18_863.jpg SIMPLE_RADIAL 1024 768 977.494 512 384 0.0476376
query/day/milestone/2012-01-28_14-45-51_331.jpg SIMPLE_RADIAL 768 1024 971.838 384 512 -0.00177789
query/day/milestone/2012-01-28_14-40-46_978.jpg SIMPLE_RADIAL 768 1024 971.838 384 512 -0.00177789
query/day/milestone/2012-01-28_14-45-05_143.jpg SIMPLE_RADIAL 1024 768 977.494 512 384 0.0476376
query/day/milestone/2012-01-28_14-44-45_580.jpg SIMPLE_RADIAL 1024 768 977.494 512 384 0.0476376
query/day/milestone/2012-01-28_14-44-35_41.jpg SIMPLE_RADIAL 1024 768 977.494 512 384 0.0476376
query/day/milestone/2012-01-28_15-18-43_310.jpg SIMPLE_RADIAL 1024 768 977.494 512 384 0.0476376
query/day/milestone/2012-02-04_14-23-07_60.jpg SIMPLE_RADIAL 1024 768 977.494 512 384 0.0476376
query/day/nexus4/IMG_20140520_211811.jpg SIMPLE_RADIAL 1600 1200 1469.2 800 600 -0.0353019
query/day/milestone/2012-01-28_14-44-03_713.jpg SIMPLE_RADIAL 768 1024 971.838 384 512 -0.00177789
query/day/milestone/2012-01-28_14-43-54_18.jpg SIMPLE_RADIAL 1024 768 977.494 512 384 0.0476376
query/day/nexus4/IMG_20130210_165643.jpg SIMPLE_RADIAL 1200 1600 1458.14 600 800 -0.0302454
query/day/milestone/2012-01-15_12-39-00_996.jpg SIMPLE_RADIAL 768 1024 971.838 384 512 -0.00177789
query/day/nexus4/IMG_20130210_165635.jpg SIMPLE_RADIAL 1600 1200 1469.2 800 600 -0.0353019
query/day/milestone/2012-01-28_14-43-28_869.jpg SIMPLE_RADIAL 1024 768 977.494 512 384 0.0476376
query/day/nexus4/IMG_20140521_135313.jpg SIMPLE_RADIAL 1600 1200 1469.2 800 600 -0.0353019
query/day/milestone/2011-12-17_14-27-50_531.jpg SIMPLE_RADIAL 1024 768 977.494 512 384 0.0476376
query/day/nexus4/IMG_20140521_135120.jpg SIMPLE_RADIAL 1600 1200 1469.2 800 600 -0.0353019
query/day/nexus4/IMG_20140521_135106.jpg SIMPLE_RADIAL 1200 1600 1458.14 600 800 -0.0302454
query/day/nexus4/IMG_20140520_182921.jpg SIMPLE_RADIAL 1600 1200 1469.2 800 600 -0.0353019
query/day/milestone/2011-10-15_14-27-43_188.jpg SIMPLE_RADIAL 1024 768 977.494 512 384 0.0476376
query/day/nexus4/IMG_20140521_135059.jpg SIMPLE_RADIAL 1600 1200 1469.2 800 600 -0.0353019
query/day/milestone/2011-12-17_14-52-31_163.jpg SIMPLE_RADIAL 1024 768 977.494 512 384 0.0476376
query/day/milestone/2011-10-13_15-23-55_514.jpg SIMPLE_RADIAL 768 1024 971.838 384 512 -0.00177789
query/day/milestone/2012-01-01_10-59-53_763.jpg SIMPLE_RADIAL 1024 768 977.494 512 384 0.0476376
query/day/nexus4/IMG_20130210_165353.jpg SIMPLE_RADIAL 1200 1600 1458.14 600 800 -0.0302454
query/day/milestone/2011-10-13_15-25-11_586.jpg SIMPLE_RADIAL 1024 768 977.494 512 384 0.0476376
query/day/milestone/2012-01-15_14-14-25_544.jpg SIMPLE_RADIAL 1024 768 977.494 512 384 0.0476376
query/day/milestone/2011-10-01_14-32-33_19.jpg SIMPLE_RADIAL 768 1024 971.838 384 512 -0.00177789
query/day/nexus4/IMG_20140520_182746.jpg SIMPLE_RADIAL 1600 1200 1469.2 800 600 -0.0353019
query/day/milestone/2012-01-28_14-42-54_940.jpg SIMPLE_RADIAL 768 1024 971.838 384 512 -0.00177789
query/day/milestone/2011-10-01_14-34-22_269.jpg SIMPLE_RADIAL 1024 768 977.494 512 384 0.0476376
query/day/nexus4/IMG_20130210_165620.jpg SIMPLE_RADIAL 1600 1200 1469.2 800 600 -0.0353019
query/day/milestone/2011-10-01_14-34-35_331.jpg SIMPLE_RADIAL 1024 768 977.494 512 384 0.0476376
query/day/milestone/2011-10-01_14-35-20_347.jpg SIMPLE_RADIAL 768 1024 971.838 384 512 -0.00177789
query/day/milestone/2011-10-01_14-35-34_597.jpg SIMPLE_RADIAL 1024 768 977.494 512 384 0.0476376
query/day/milestone/2011-10-01_14-35-55_354.jpg SIMPLE_RADIAL 768 1024 971.838 384 512 -0.00177789
query/day/milestone/2011-10-01_14-36-03_448.jpg SIMPLE_RADIAL 1024 768 977.494 512 384 0.0476376
query/day/nexus4/IMG_20130210_165801.jpg SIMPLE_RADIAL 1600 1200 1469.2 800 600 -0.0353019
query/day/nexus4/IMG_20130210_165814.jpg SIMPLE_RADIAL 1600 1200 1469.2 800 600 -0.0353019
query/day/nexus4/IMG_20130210_165827.jpg SIMPLE_RADIAL 1600 1200 1469.2 800 600 -0.0353019
query/day/milestone/2012-02-11_15-57-14_674.jpg SIMPLE_RADIAL 768 1024 971.838 384 512 -0.00177789
query/day/nexus4/IMG_20140521_134354.jpg SIMPLE_RADIAL 1200 1600 1458.14 600 800 -0.0302454
query/day/milestone/2011-10-01_14-37-23_89.jpg SIMPLE_RADIAL 1024 768 977.494 512 384 0.0476376
query/day/nexus4/IMG_20130210_165933.jpg SIMPLE_RADIAL 1600 1200 1469.2 800 600 -0.0353019
query/day/milestone/2012-02-04_14-21-27_210.jpg SIMPLE_RADIAL 1024 768 977.494 512 384 0.0476376
query/day/nexus4/IMG_20130302_145354.jpg SIMPLE_RADIAL 1600 1200 1469.2 800 600 -0.0353019
query/day/nexus4/IMG_20130302_145455.jpg SIMPLE_RADIAL 1600 1200 1469.2 800 600 -0.0353019
query/day/milestone/2011-10-13_14-42-04_627.jpg SIMPLE_RADIAL 768 1024 971.838 384 512 -0.00177789
query/day/nexus4/IMG_20130302_145508.jpg SIMPLE_RADIAL 1600 1200 1469.2 800 600 -0.0353019
query/day/nexus4/IMG_20140521_134547.jpg SIMPLE_RADIAL 1200 1600 1458.14 600 800 -0.0302454
query/day/nexus4/IMG_20130302_145519.jpg SIMPLE_RADIAL 1600 1200 1469.2 800 600 -0.0353019
query/day/nexus4/IMG_20130302_150016.jpg SIMPLE_RADIAL 1600 1200 1469.2 800 600 -0.0353019
query/day/nexus4/IMG_20140521_134606.jpg SIMPLE_RADIAL 1600 1200 1469.2 800 600 -0.0353019
query/day/milestone/2011-10-13_14-42-58_635.jpg SIMPLE_RADIAL 768 1024 971.838 384 512 -0.00177789
query/day/nexus4/IMG_20130302_150032.jpg SIMPLE_RADIAL 1600 1200 1469.2 800 600 -0.0353019
query/day/milestone/2011-10-13_14-43-11_783.jpg SIMPLE_RADIAL 1024 768 977.494 512 384 0.0476376
query/day/milestone/2012-02-04_14-23-47_959.jpg SIMPLE_RADIAL 1024 768 977.494 512 384 0.0476376
query/day/nexus4/IMG_20130302_150051.jpg SIMPLE_RADIAL 1600 1200 1469.2 800 600 -0.0353019
query/day/milestone/2011-10-13_14-43-36_947.jpg SIMPLE_RADIAL 1024 768 977.494 512 384 0.0476376
query/day/nexus4/IMG_20140520_182632.jpg SIMPLE_RADIAL 1600 1200 1469.2 800 600 -0.0353019
query/day/nexus4/IMG_20140521_134634.jpg SIMPLE_RADIAL 1600 1200 1469.2 800 600 -0.0353019
query/day/milestone/2011-10-13_14-43-56_197.jpg SIMPLE_RADIAL 768 1024 971.838 384 512 -0.00177789
query/day/milestone/2011-10-13_14-44-10_424.jpg SIMPLE_RADIAL 1024 768 977.494 512 384 0.0476376
query/day/nexus4/IMG_20140521_135306.jpg SIMPLE_RADIAL 1600 1200 1469.2 800 600 -0.0353019
query/day/nexus4/IMG_20140520_182651.jpg SIMPLE_RADIAL 1600 1200 1469.2 800 600 -0.0353019
query/day/nexus4/IMG_20140521_134654.jpg SIMPLE_RADIAL 1200 1600 1458.14 600 800 -0.0302454
query/day/milestone/2011-10-13_14-44-28_463.jpg SIMPLE_RADIAL 1024 768 977.494 512 384 0.0476376
query/day/nexus4/IMG_20140520_182733.jpg SIMPLE_RADIAL 1600 1200 1469.2 800 600 -0.0353019
query/day/milestone/2011-10-13_15-22-43_375.jpg SIMPLE_RADIAL 768 1024 971.838 384 512 -0.00177789
query/day/nexus4/IMG_20130210_165337.jpg SIMPLE_RADIAL 1600 1200 1469.2 800 600 -0.0353019
query/day/milestone/2012-02-04_14-27-51_236.jpg SIMPLE_RADIAL 1024 768 977.494 512 384 0.0476376
query/day/nexus4/IMG_20140521_135000.jpg SIMPLE_RADIAL 1600 1200 1469.2 800 600 -0.0353019
query/day/nexus4/IMG_20140520_182759.jpg SIMPLE_RADIAL 1600 1200 1469.2 800 600 -0.0353019
query/day/nexus4/IMG_20140521_134740.jpg SIMPLE_RADIAL 1600 1200 1469.2 800 600 -0.0353019
query/day/milestone/2011-10-13_15-22-55_274.jpg SIMPLE_RADIAL 768 1024 971.838 384 512 -0.00177789
query/day/nexus4/IMG_20140521_135007.jpg SIMPLE_RADIAL 1600 1200 1469.2 800 600 -0.0353019
query/day/milestone/2011-10-15_14-27-34_559.jpg SIMPLE_RADIAL 1024 768 977.494 512 384 0.0476376
query/day/nexus4/IMG_20140520_182803.jpg SIMPLE_RADIAL 1600 1200 1469.2 800 600 -0.0353019
query/day/nexus4/IMG_20140521_135018.jpg SIMPLE_RADIAL 1600 1200 1469.2 800 600 -0.0353019
query/day/nexus4/IMG_20140521_135701.jpg SIMPLE_RADIAL 1600 1200 1469.2 800 600 -0.0353019
query/day/nexus4/IMG_20140520_182826.jpg SIMPLE_RADIAL 1600 1200 1469.2 800 600 -0.0353019
query/day/milestone/2011-10-13_15-23-34_531.jpg SIMPLE_RADIAL 1024 768 977.494 512 384 0.0476376
query/day/nexus4/IMG_20140521_135034.jpg SIMPLE_RADIAL 1200 1600 1458.14 600 800 -0.0302454
query/day/nexus4/IMG_20140520_211430.jpg SIMPLE_RADIAL 1600 1200 1469.2 800 600 -0.0353019
query/day/nexus4/IMG_20140520_182834.jpg SIMPLE_RADIAL 1200 1600 1458.14 600 800 -0.0302454
query/day/nexus4/IMG_20140521_134810.jpg SIMPLE_RADIAL 1600 1200 1469.2 800 600 -0.0353019
query/day/milestone/2011-10-13_15-23-45_574.jpg SIMPLE_RADIAL 1024 768 977.494 512 384 0.0476376
