query/night/nexus5x/IMG_20161227_172439.jpg SIMPLE_RADIAL 1600 1200 1199.91 800 600 -0.0324314
query/night/nexus5x/IMG_20161227_172448.jpg SIMPLE_RADIAL 1200 1600 1195.8 600 800 0.0142778
query/night/nexus5x/IMG_20161227_172456.jpg SIMPLE_RADIAL 1600 1200 1199.91 800 600 -0.0324314
query/night/nexus5x/IMG_20161227_172504.jpg SIMPLE_RADIAL 1600 1200 1199.91 800 600 -0.0324314
query/night/nexus5x/IMG_20161227_172513.jpg SIMPLE_RADIAL 1600 1200 1199.91 800 600 -0.0324314
query/night/nexus5x/IMG_20161227_172517.jpg SIMPLE_RADIAL 1600 1200 1199.91 800 600 -0.0324314
query/night/nexus5x/IMG_20161227_172529.jpg SIMPLE_RADIAL 1600 1200 1199.91 800 600 -0.0324314
query/night/nexus5x/IMG_20161227_172558.jpg SIMPLE_RADIAL 1200 1600 1195.8 600 800 0.0142778
query/night/nexus5x/IMG_20161227_172604.jpg SIMPLE_RADIAL 1600 1200 1199.91 800 600 -0.0324314
query/night/nexus5x/IMG_20161227_172616.jpg SIMPLE_RADIAL 1600 1200 1199.91 800 600 -0.0324314
query/night/nexus5x/IMG_20161227_172620.jpg SIMPLE_RADIAL 1600 1200 1199.91 800 600 -0.0324314
query/night/nexus5x/IMG_20161227_172626.jpg SIMPLE_RADIAL 1600 1200 1199.91 800 600 -0.0324314
query/night/nexus5x/IMG_20161227_172633.jpg SIMPLE_RADIAL 1600 1200 1199.91 800 600 -0.0324314
query/night/nexus5x/IMG_20161227_172651.jpg SIMPLE_RADIAL 1600 1200 1199.91 800 600 -0.0324314
query/night/nexus5x/IMG_20161227_172658.jpg SIMPLE_RADIAL 1600 1200 1199.91 800 600 -0.0324314
query/night/nexus5x/IMG_20161227_172703.jpg SIMPLE_RADIAL 1600 1200 1199.91 800 600 -0.0324314
query/night/nexus5x/IMG_20161227_172723.jpg SIMPLE_RADIAL 1600 1200 1199.91 800 600 -0.0324314
query/night/nexus5x/IMG_20161227_172730.jpg SIMPLE_RADIAL 1600 1200 1199.91 800 600 -0.0324314
query/night/nexus5x/IMG_20161227_172739.jpg SIMPLE_RADIAL 1600 1200 1199.91 800 600 -0.0324314
query/night/nexus5x/IMG_20161227_172754.jpg SIMPLE_RADIAL 1600 1200 1199.91 800 600 -0.0324314
query/night/nexus5x/IMG_20161227_172811.jpg SIMPLE_RADIAL 1600 1200 1199.91 800 600 -0.0324314
query/night/nexus5x/IMG_20161227_172831.jpg SIMPLE_RADIAL 1600 1200 1199.91 800 600 -0.0324314
query/night/nexus5x/IMG_20161227_172836.jpg SIMPLE_RADIAL 1600 1200 1199.91 800 600 -0.0324314
query/night/nexus5x/IMG_20161227_172901.jpg SIMPLE_RADIAL 1600 1200 1199.91 800 600 -0.0324314
query/night/nexus5x/IMG_20161227_172905.jpg SIMPLE_RADIAL 1600 1200 1199.91 800 600 -0.0324314
query/night/nexus5x/IMG_20161227_173025.jpg SIMPLE_RADIAL 1600 1200 1199.91 800 600 -0.0324314
query/night/nexus5x/IMG_20161227_173032.jpg SIMPLE_RADIAL 1600 1200 1199.91 800 600 -0.0324314
query/night/nexus5x/IMG_20161227_173116.jpg SIMPLE_RADIAL 1600 1200 1199.91 800 600 -0.0324314
query/night/nexus5x/IMG_20161227_173123.jpg SIMPLE_RADIAL 1600 1200 1199.91 800 600 -0.0324314
query/night/nexus5x/IMG_20161227_173132.jpg SIMPLE_RADIAL 1600 1200 1199.91 800 600 -0.0324314
query/night/nexus5x/IMG_20161227_173137.jpg SIMPLE_RADIAL 1600 1200 1199.91 800 600 -0.0324314
query/night/nexus5x/IMG_20161227_173141.jpg SIMPLE_RADIAL 1600 1200 1199.91 800 600 -0.0324314
query/night/nexus5x/IMG_20161227_173158.jpg SIMPLE_RADIAL 1600 1200 1199.91 800 600 -0.0324314
query/night/nexus5x/IMG_20161227_173202.jpg SIMPLE_RADIAL 1600 1200 1199.91 800 600 -0.0324314
query/night/nexus5x/IMG_20161227_173206.jpg SIMPLE_RADIAL 1600 1200 1199.91 800 600 -0.0324314
query/night/nexus5x/IMG_20161227_173209.jpg SIMPLE_RADIAL 1600 1200 1199.91 800 600 -0.0324314
query/night/nexus5x/IMG_20161227_173326.jpg SIMPLE_RADIAL 1600 1200 1199.91 800 600 -0.0324314
query/night/nexus5x/IMG_20161227_190424.jpg SIMPLE_RADIAL 1600 1200 1199.91 800 600 -0.0324314
query/night/nexus5x/IMG_20161227_190941.jpg SIMPLE_RADIAL 1200 1600 1195.8 600 800 0.0142778
query/night/nexus5x/IMG_20161227_190948.jpg SIMPLE_RADIAL 1600 1200 1199.91 800 600 -0.0324314
query/night/nexus5x/IMG_20161227_190953.jpg SIMPLE_RADIAL 1600 1200 1199.91 800 600 -0.0324314
query/night/nexus5x/IMG_20161227_191024.jpg SIMPLE_RADIAL 1200 1600 1195.8 600 800 0.0142778
query/night/nexus5x/IMG_20161227_191029.jpg SIMPLE_RADIAL 1600 1200 1199.91 800 600 -0.0324314
query/night/nexus5x/IMG_20161227_191046.jpg SIMPLE_RADIAL 1200 1600 1195.8 600 800 0.0142778
query/night/nexus5x/IMG_20161227_191052.jpg SIMPLE_RADIAL 1200 1600 1195.8 600 800 0.0142778
query/night/nexus5x/IMG_20161227_191109.jpg SIMPLE_RADIAL 1600 1200 1199.91 800 600 -0.0324314
query/night/nexus5x/IMG_20161227_191118.jpg SIMPLE_RADIAL 1600 1200 1199.91 800 600 -0.0324314
query/night/nexus5x/IMG_20161227_191129.jpg SIMPLE_RADIAL 1600 1200 1199.91 800 600 -0.0324314
query/night/nexus5x/IMG_20161227_191143.jpg SIMPLE_RADIAL 1600 1200 1199.91 800 600 -0.0324314
query/night/nexus5x/IMG_20161227_191152.jpg SIMPLE_RADIAL 1600 1200 1199.91 800 600 -0.0324314
query/night/nexus5x/IMG_20161227_191156.jpg SIMPLE_RADIAL 1600 1200 1199.91 800 600 -0.0324314
query/night/nexus5x/IMG_20161227_191215.jpg SIMPLE_RADIAL 1600 1200 1199.91 800 600 -0.0324314
query/night/nexus5x/IMG_20161227_191228.jpg SIMPLE_RADIAL 1600 1200 1199.91 800 600 -0.0324314
query/night/nexus5x/IMG_20161227_191239.jpg SIMPLE_RADIAL 1600 1200 1199.91 800 600 -0.0324314
query/night/nexus5x/IMG_20161227_191254.jpg SIMPLE_RADIAL 1600 1200 1199.91 800 600 -0.0324314
query/night/nexus5x/IMG_20161227_191326.jpg SIMPLE_RADIAL 1600 1200 1199.91 800 600 -0.0324314
query/night/nexus5x/IMG_20161227_191341.jpg SIMPLE_RADIAL 1600 1200 1199.91 800 600 -0.0324314
query/night/nexus5x/IMG_20161227_191347.jpg SIMPLE_RADIAL 1600 1200 1199.91 800 600 -0.0324314
query/night/nexus5x/IMG_20161227_191355.jpg SIMPLE_RADIAL 1600 1200 1199.91 800 600 -0.0324314
query/night/nexus5x/IMG_20161227_191402.jpg SIMPLE_RADIAL 1600 1200 1199.91 800 600 -0.0324314
query/night/nexus5x/IMG_20161227_191414.jpg SIMPLE_RADIAL 1600 1200 1199.91 800 600 -0.0324314
query/night/nexus5x/IMG_20161227_191422.jpg SIMPLE_RADIAL 1600 1200 1199.91 800 600 -0.0324314
query/night/nexus5x/IMG_20161227_191533.jpg SIMPLE_RADIAL 1600 1200 1199.91 800 600 -0.0324314
query/night/nexus5x/IMG_20161227_191546.jpg SIMPLE_RADIAL 1600 1200 1199.91 800 600 -0.0324314
query/night/nexus5x/IMG_20161227_191555.jpg SIMPLE_RADIAL 1600 1200 1199.91 800 600 -0.0324314
query/night/nexus5x/IMG_20161227_191611.jpg SIMPLE_RADIAL 1600 1200 1199.91 800 600 -0.0324314
query/night/nexus5x/IMG_20161227_191631.jpg SIMPLE_RADIAL 1600 1200 1199.91 800 600 -0.0324314
query/night/nexus5x/IMG_20161227_191640.jpg SIMPLE_RADIAL 1200 1600 1195.8 600 800 0.0142778
query/night/nexus5x/IMG_20161227_191658.jpg SIMPLE_RADIAL 1600 1200 1199.91 800 600 -0.0324314
query/night/nexus5x/IMG_20161227_191704.jpg SIMPLE_RADIAL 1600 1200 1199.91 800 600 -0.0324314
query/night/nexus5x/IMG_20161227_191720.jpg SIMPLE_RADIAL 1600 1200 1199.91 800 600 -0.0324314
query/night/nexus5x/IMG_20161227_191723.jpg SIMPLE_RADIAL 1600 1200 1199.91 800 600 -0.0324314
query/night/nexus5x/IMG_20161227_191752.jpg SIMPLE_RADIAL 1600 1200 1199.91 800 600 -0.0324314
query/night/nexus5x/IMG_20161227_191759.jpg SIMPLE_RADIAL 1600 1200 1199.91 800 600 -0.0324314
query/night/nexus5x/IMG_20161227_191808.jpg SIMPLE_RADIAL 1600 1200 1199.91 800 600 -0.0324314
query/night/nexus5x/IMG_20161227_191819.jpg SIMPLE_RADIAL 1600 1200 1199.91 800 600 -0.0324314
query/night/nexus5x/IMG_20161227_191825.jpg SIMPLE_RADIAL 1600 1200 1199.91 800 600 -0.0324314
query/night/nexus5x/IMG_20161227_191835.jpg SIMPLE_RADIAL 1200 1600 1195.8 600 800 0.0142778
query/night/nexus5x/IMG_20161227_191843.jpg SIMPLE_RADIAL 1600 1200 1199.91 800 600 -0.0324314
query/night/nexus5x/IMG_20161227_191905.jpg SIMPLE_RADIAL 1600 1200 1199.91 800 600 -0.0324314
query/night/nexus5x/IMG_20161227_191920.jpg SIMPLE_RADIAL 1200 1600 1195.8 600 800 0.0142778
query/night/nexus5x/IMG_20161227_191954.jpg SIMPLE_RADIAL 1600 1200 1199.91 800 600 -0.0324314
query/night/nexus5x/IMG_20161227_192015.jpg SIMPLE_RADIAL 1200 1600 1195.8 600 800 0.0142778
query/night/nexus5x/IMG_20161227_192026.jpg SIMPLE_RADIAL 1600 1200 1199.91 800 600 -0.0324314
query/night/nexus5x/IMG_20161227_192030.jpg SIMPLE_RADIAL 1600 1200 1199.91 800 600 -0.0324314
query/night/nexus5x/IMG_20161227_192112.jpg SIMPLE_RADIAL 1600 1200 1199.91 800 600 -0.0324314
query/night/nexus5x/IMG_20161227_192139.jpg SIMPLE_RADIAL 1600 1200 1199.91 800 600 -0.0324314
query/night/nexus5x/IMG_20161227_192148.jpg SIMPLE_RADIAL 1600 1200 1199.91 800 600 -0.0324314
query/night/nexus5x/IMG_20161227_192153.jpg SIMPLE_RADIAL 1600 1200 1199.91 800 600 -0.0324314
query/night/nexus5x/IMG_20161227_192201.jpg SIMPLE_RADIAL 1200 1600 1195.8 600 800 0.0142778
query/night/nexus5x/IMG_20161227_192213.jpg SIMPLE_RADIAL 1600 1200 1199.91 800 600 -0.0324314
query/night/nexus5x/IMG_20161227_192220.jpg SIMPLE_RADIAL 1600 1200 1199.91 800 600 -0.0324314
query/night/nexus5x/IMG_20161227_192300.jpg SIMPLE_RADIAL 1600 1200 1199.91 800 600 -0.0324314
query/night/nexus5x/IMG_20161227_192304.jpg SIMPLE_RADIAL 1600 1200 1199.91 800 600 -0.0324314
query/night/nexus5x/IMG_20161227_192316.jpg SIMPLE_RADIAL 1600 1200 1199.91 800 600 -0.0324314
query/night/nexus5x/IMG_20161227_192330.jpg SIMPLE_RADIAL 1600 1200 1199.91 800 600 -0.0324314
query/night/nexus5x/IMG_20161227_192344.jpg SIMPLE_RADIAL 1600 1200 1199.91 800 600 -0.0324314
query/night/nexus5x/IMG_20161227_192354.jpg SIMPLE_RADIAL 1200 1600 1195.8 600 800 0.0142778
